G3dErrFileVersion 2018P3.1
FlagFileMetaData Begin
   Mesh Size - ATK_Solution, Refinement, Pass #1, Freq. 1.200000e+10 :Title    
   Listing of mesh elements with poor quality. :ToolTip  
   hf3d :Author   
   1776512076 :TimeStamp
FlagFileMetaData End
BEGIN_ERR 
26 Small mesh segment detected on body : port_cap
 Small mesh segment detected on body : port_cap 
 Segment Statistics - Number of Segments : 1 --- Segment length(s) : 0.007688cm. The cutoff frequency for S-Matrix Only Solve is 8.40539603440261MHz 
4 -1  80  90  100  # nfids, fids[]
2 87  -1  # nbids, bids[]
      5 6 1 0 #ntets ntri ned npts
           2.7752975999999996e-01  -3.2528090000000003e-02  -6.0399999999999987e-01 #xyz tv0
           2.5076488000000002e-01  -1.6264044999999998e-02  -5.8799999999999997e-01 #xyz tv1
           2.5771031749999995e-01  -3.5709482500000000e-02  -5.8799999999999986e-01 #xyz tv2
           2.4546968499999997e-01  -2.1837210000000003e-02  -5.8799999999999986e-01 -1 87 #xyz tv3 fid bid
           2.5076488000000002e-01  -1.6264044999999998e-02  -5.8799999999999997e-01 #xyz tv0
           2.2209698999999997e-01  -9.5670899999999986e-03  -5.4780378371071670e-01 #xyz tv1
           2.5771031749999995e-01  -3.5709482500000000e-02  -5.8799999999999986e-01 #xyz tv2
           2.4546968499999997e-01  -2.1837210000000003e-02  -5.8799999999999986e-01 -1 87 #xyz tv3 fid bid
           2.7752975999999996e-01  -3.2528090000000003e-02  -6.0399999999999987e-01 #xyz tv0
           2.7752975999999996e-01   3.2528090000000003e-02  -6.0399999999999987e-01 #xyz tv1
           2.5076488000000002e-01  -1.6264044999999998e-02  -5.8799999999999997e-01 #xyz tv2
           2.4546968499999997e-01  -2.1837210000000003e-02  -5.8799999999999986e-01 -1 87 #xyz tv3 fid bid
           2.2209698999999997e-01  -9.5670899999999986e-03  -5.8799999999999986e-01 #xyz tv0
           2.2209698999999997e-01  -9.5670899999999986e-03  -5.4780378371071670e-01 #xyz tv1
           2.5076488000000002e-01  -1.6264044999999998e-02  -5.8799999999999997e-01 #xyz tv2
           2.4546968499999997e-01  -2.1837210000000003e-02  -5.8799999999999986e-01 -1 87 #xyz tv3 fid bid
           2.2209698999999997e-01  -9.5670899999999986e-03  -5.8799999999999986e-01 #xyz tv0
           2.5076488000000002e-01  -1.6264044999999998e-02  -5.8799999999999997e-01 #xyz tv1
           2.7752975999999996e-01   3.2528090000000003e-02  -6.0399999999999987e-01 #xyz tv2
           2.4546968499999997e-01  -2.1837210000000003e-02  -5.8799999999999986e-01 -1 87 #xyz tv3 fid bid
           2.2209698999999997e-01  -9.5670899999999986e-03  -5.8799999999999986e-01 #xyz tv0
           2.5076488000000002e-01  -1.6264044999999998e-02  -5.8799999999999997e-01 #xyz tv1
           2.4546968499999997e-01  -2.1837210000000003e-02  -5.8799999999999986e-01 80 -1 #xyz tv2 fid bid
           2.2209698999999997e-01  -9.5670899999999986e-03  -5.8799999999999986e-01 #xyz tv0
           2.5076488000000002e-01  -1.6264044999999998e-02  -5.8799999999999997e-01 #xyz tv1
           2.4546968499999997e-01  -2.1837210000000003e-02  -5.8799999999999986e-01 90 -1 #xyz tv2 fid bid
           2.2209698999999997e-01  -9.5670899999999986e-03  -5.8799999999999986e-01 #xyz tv0
           2.5076488000000002e-01  -1.6264044999999998e-02  -5.8799999999999997e-01 #xyz tv1
           2.4546968499999997e-01  -2.1837210000000003e-02  -5.8799999999999986e-01 100 -1 #xyz tv2 fid bid
           2.5076488000000002e-01  -1.6264044999999998e-02  -5.8799999999999997e-01 #xyz tv0
           2.5771031749999995e-01  -3.5709482500000000e-02  -5.8799999999999986e-01 #xyz tv1
           2.4546968499999997e-01  -2.1837210000000003e-02  -5.8799999999999986e-01 80 -1 #xyz tv2 fid bid
           2.5076488000000002e-01  -1.6264044999999998e-02  -5.8799999999999997e-01 #xyz tv0
           2.5771031749999995e-01  -3.5709482500000000e-02  -5.8799999999999986e-01 #xyz tv1
           2.4546968499999997e-01  -2.1837210000000003e-02  -5.8799999999999986e-01 90 -1 #xyz tv2 fid bid
           2.5076488000000002e-01  -1.6264044999999998e-02  -5.8799999999999997e-01 #xyz tv0
           2.5771031749999995e-01  -3.5709482500000000e-02  -5.8799999999999986e-01 #xyz tv1
           2.4546968499999997e-01  -2.1837210000000003e-02  -5.8799999999999986e-01 100 -1 #xyz tv2 fid bid
           2.5076488000000002e-01  -1.6264044999999998e-02  -5.8799999999999997e-01 #xyz ev0
           2.4546968499999997e-01  -2.1837210000000003e-02  -5.8799999999999986e-01 -1 87 #xyz ev1 fid bid
   0   0.000000000000e+00   0.000000000000e+00   0.000000000000e+00 #flag location
END_ERR 
G3dErrFileVersion 2018P3.1
FlagFileMetaData Begin
   Mesh Size - ATK_Solution, Refinement, Pass #2, Freq. 1.200000e+10 :Title    
   Listing of mesh elements with poor quality. :ToolTip  
   hf3d :Author   
   1776512079 :TimeStamp
FlagFileMetaData End
BEGIN_ERR 
26 Small mesh segment detected on body : port_cap
 Small mesh segment detected on body : port_cap 
 Segment Statistics - Number of Segments : 1 --- Segment length(s) : 0.009755cm. The cutoff frequency for S-Matrix Only Solve is 8.40539603440261MHz 
6 -1  70  80  90  100  71  # nfids, fids[]
2 87  -1  # nbids, bids[]
      6 8 1 0 #ntets ntri ned npts
           2.7752975999999996e-01  -3.2528090000000003e-02  -6.0399999999999987e-01 #xyz tv0
           2.2551821478843989e-01  -2.4615450309930842e-02  -5.8799999999999986e-01 #xyz tv1
           2.0856709000000004e-01  -2.3096989999999998e-02  -5.8799999999999986e-01 #xyz tv2
           2.1667766999999999e-01  -1.7677669999999999e-02  -5.8799999999999986e-01 -1 87 #xyz tv3 fid bid
           2.0856709000000004e-01  -2.3096989999999998e-02  -5.8799999999999986e-01 #xyz tv0
           2.2551821478843989e-01  -2.4615450309930842e-02  -5.8799999999999986e-01 #xyz tv1
           2.1667766999999999e-01  -1.7677669999999999e-02  -5.5085633325912553e-01 #xyz tv2
           2.1667766999999999e-01  -1.7677669999999999e-02  -5.8799999999999986e-01 -1 87 #xyz tv3 fid bid
           2.7752975999999996e-01  -3.2528090000000003e-02  -6.0399999999999987e-01 #xyz tv0
           2.0856709000000004e-01  -2.3096989999999998e-02  -5.8799999999999986e-01 #xyz tv1
           2.7752975999999996e-01   3.2528090000000003e-02  -6.0399999999999987e-01 #xyz tv2
           2.1667766999999999e-01  -1.7677669999999999e-02  -5.8799999999999986e-01 -1 87 #xyz tv3 fid bid
           2.2399999999999998e-01   0.0000000000000000e+00  -5.8799999999999986e-01 #xyz tv0
           2.1667766999999999e-01  -1.7677669999999999e-02  -5.5085633325912553e-01 #xyz tv1
           2.1667766999999999e-01  -1.7677669999999999e-02  -5.8799999999999986e-01 #xyz tv2
           2.0856709000000004e-01  -2.3096989999999998e-02  -5.8799999999999986e-01 -1 87 #xyz tv3 fid bid
           2.5910408000000001e-01   6.0104080000000004e-02  -6.0399999999999987e-01 #xyz tv0
           2.0856709000000004e-01  -2.3096989999999998e-02  -5.8799999999999986e-01 #xyz tv1
           2.1667766999999999e-01  -1.7677669999999999e-02  -5.8799999999999986e-01 #xyz tv2
           2.7752975999999996e-01   3.2528090000000003e-02  -6.0399999999999987e-01 -1 87 #xyz tv3 fid bid
           2.5910408000000001e-01   6.0104080000000004e-02  -6.0399999999999987e-01 #xyz tv0
           2.1667766999999999e-01  -1.7677669999999999e-02  -5.8799999999999986e-01 #xyz tv1
           2.0856709000000004e-01  -2.3096989999999998e-02  -5.8799999999999986e-01 #xyz tv2
           2.2399999999999998e-01   0.0000000000000000e+00  -5.8799999999999986e-01 -1 87 #xyz tv3 fid bid
           2.1667766999999999e-01  -1.7677669999999999e-02  -5.5085633325912553e-01 #xyz tv0
           2.0856709000000004e-01  -2.3096989999999998e-02  -5.8799999999999986e-01 #xyz tv1
           2.1667766999999999e-01  -1.7677669999999999e-02  -5.8799999999999986e-01 70 -1 #xyz tv2 fid bid
           2.2551821478843989e-01  -2.4615450309930842e-02  -5.8799999999999986e-01 #xyz tv0
           2.0856709000000004e-01  -2.3096989999999998e-02  -5.8799999999999986e-01 #xyz tv1
           2.1667766999999999e-01  -1.7677669999999999e-02  -5.8799999999999986e-01 80 -1 #xyz tv2 fid bid
           2.2551821478843989e-01  -2.4615450309930842e-02  -5.8799999999999986e-01 #xyz tv0
           2.0856709000000004e-01  -2.3096989999999998e-02  -5.8799999999999986e-01 #xyz tv1
           2.1667766999999999e-01  -1.7677669999999999e-02  -5.8799999999999986e-01 90 -1 #xyz tv2 fid bid
           2.2551821478843989e-01  -2.4615450309930842e-02  -5.8799999999999986e-01 #xyz tv0
           2.0856709000000004e-01  -2.3096989999999998e-02  -5.8799999999999986e-01 #xyz tv1
           2.1667766999999999e-01  -1.7677669999999999e-02  -5.8799999999999986e-01 100 -1 #xyz tv2 fid bid
           2.2399999999999998e-01   0.0000000000000000e+00  -5.8799999999999986e-01 #xyz tv0
           2.1667766999999999e-01  -1.7677669999999999e-02  -5.8799999999999986e-01 #xyz tv1
           2.0856709000000004e-01  -2.3096989999999998e-02  -5.8799999999999986e-01 71 -1 #xyz tv2 fid bid
           2.2399999999999998e-01   0.0000000000000000e+00  -5.8799999999999986e-01 #xyz tv0
           2.1667766999999999e-01  -1.7677669999999999e-02  -5.8799999999999986e-01 #xyz tv1
           2.0856709000000004e-01  -2.3096989999999998e-02  -5.8799999999999986e-01 80 -1 #xyz tv2 fid bid
           2.2399999999999998e-01   0.0000000000000000e+00  -5.8799999999999986e-01 #xyz tv0
           2.1667766999999999e-01  -1.7677669999999999e-02  -5.8799999999999986e-01 #xyz tv1
           2.0856709000000004e-01  -2.3096989999999998e-02  -5.8799999999999986e-01 90 -1 #xyz tv2 fid bid
           2.2399999999999998e-01   0.0000000000000000e+00  -5.8799999999999986e-01 #xyz tv0
           2.1667766999999999e-01  -1.7677669999999999e-02  -5.8799999999999986e-01 #xyz tv1
           2.0856709000000004e-01  -2.3096989999999998e-02  -5.8799999999999986e-01 100 -1 #xyz tv2 fid bid
           2.0856709000000004e-01  -2.3096989999999998e-02  -5.8799999999999986e-01 #xyz ev0
           2.1667766999999999e-01  -1.7677669999999999e-02  -5.8799999999999986e-01 -1 87 #xyz ev1 fid bid
   0   0.000000000000e+00   0.000000000000e+00   0.000000000000e+00 #flag location
END_ERR 
G3dErrFileVersion 2018P3.1
FlagFileMetaData Begin
   Mesh Size - ATK_Solution, Refinement, Pass #3, Freq. 1.200000e+10 :Title    
   Listing of mesh elements with poor quality. :ToolTip  
   hf3d :Author   
   1776512081 :TimeStamp
FlagFileMetaData End
BEGIN_ERR 
26 Small mesh segment detected on body : port_cap
 Small mesh segment detected on body : port_cap 
 Segment Statistics - Number of Segments : 1 --- Segment length(s) : 0.009755cm. The cutoff frequency for S-Matrix Only Solve is 8.40539603440261MHz 
6 -1  70  80  90  100  71  # nfids, fids[]
2 87  -1  # nbids, bids[]
      6 8 1 0 #ntets ntri ned npts
           2.7752975999999996e-01  -3.2528090000000003e-02  -6.0399999999999987e-01 #xyz tv0
           2.2601512051293851e-01  -2.5163831230590454e-02  -5.8799999999999986e-01 #xyz tv1
           2.0856709000000004e-01  -2.3096989999999998e-02  -5.8799999999999986e-01 #xyz tv2
           2.1667766999999999e-01  -1.7677669999999999e-02  -5.8799999999999986e-01 -1 87 #xyz tv3 fid bid
           2.0856709000000004e-01  -2.3096989999999998e-02  -5.8799999999999986e-01 #xyz tv0
           2.2601512051293851e-01  -2.5163831230590454e-02  -5.8799999999999986e-01 #xyz tv1
           2.1667766999999999e-01  -1.7677669999999999e-02  -5.5085633325912553e-01 #xyz tv2
           2.1667766999999999e-01  -1.7677669999999999e-02  -5.8799999999999986e-01 -1 87 #xyz tv3 fid bid
           2.7752975999999996e-01  -3.2528090000000003e-02  -6.0399999999999987e-01 #xyz tv0
           2.0856709000000004e-01  -2.3096989999999998e-02  -5.8799999999999986e-01 #xyz tv1
           2.7752975999999996e-01   3.2528090000000003e-02  -6.0399999999999987e-01 #xyz tv2
           2.1667766999999999e-01  -1.7677669999999999e-02  -5.8799999999999986e-01 -1 87 #xyz tv3 fid bid
           2.2399999999999998e-01   0.0000000000000000e+00  -5.8799999999999986e-01 #xyz tv0
           2.1667766999999999e-01  -1.7677669999999999e-02  -5.5085633325912553e-01 #xyz tv1
           2.1667766999999999e-01  -1.7677669999999999e-02  -5.8799999999999986e-01 #xyz tv2
           2.0856709000000004e-01  -2.3096989999999998e-02  -5.8799999999999986e-01 -1 87 #xyz tv3 fid bid
           2.5910408000000001e-01   6.0104080000000004e-02  -6.0399999999999987e-01 #xyz tv0
           2.0856709000000004e-01  -2.3096989999999998e-02  -5.8799999999999986e-01 #xyz tv1
           2.1667766999999999e-01  -1.7677669999999999e-02  -5.8799999999999986e-01 #xyz tv2
           2.7752975999999996e-01   3.2528090000000003e-02  -6.0399999999999987e-01 -1 87 #xyz tv3 fid bid
           2.5910408000000001e-01   6.0104080000000004e-02  -6.0399999999999987e-01 #xyz tv0
           2.1667766999999999e-01  -1.7677669999999999e-02  -5.8799999999999986e-01 #xyz tv1
           2.0856709000000004e-01  -2.3096989999999998e-02  -5.8799999999999986e-01 #xyz tv2
           2.2399999999999998e-01   0.0000000000000000e+00  -5.8799999999999986e-01 -1 87 #xyz tv3 fid bid
           2.1667766999999999e-01  -1.7677669999999999e-02  -5.5085633325912553e-01 #xyz tv0
           2.0856709000000004e-01  -2.3096989999999998e-02  -5.8799999999999986e-01 #xyz tv1
           2.1667766999999999e-01  -1.7677669999999999e-02  -5.8799999999999986e-01 70 -1 #xyz tv2 fid bid
           2.2601512051293851e-01  -2.5163831230590454e-02  -5.8799999999999986e-01 #xyz tv0
           2.0856709000000004e-01  -2.3096989999999998e-02  -5.8799999999999986e-01 #xyz tv1
           2.1667766999999999e-01  -1.7677669999999999e-02  -5.8799999999999986e-01 80 -1 #xyz tv2 fid bid
           2.2601512051293851e-01  -2.5163831230590454e-02  -5.8799999999999986e-01 #xyz tv0
           2.0856709000000004e-01  -2.3096989999999998e-02  -5.8799999999999986e-01 #xyz tv1
           2.1667766999999999e-01  -1.7677669999999999e-02  -5.8799999999999986e-01 90 -1 #xyz tv2 fid bid
           2.2601512051293851e-01  -2.5163831230590454e-02  -5.8799999999999986e-01 #xyz tv0
           2.0856709000000004e-01  -2.3096989999999998e-02  -5.8799999999999986e-01 #xyz tv1
           2.1667766999999999e-01  -1.7677669999999999e-02  -5.8799999999999986e-01 100 -1 #xyz tv2 fid bid
           2.2399999999999998e-01   0.0000000000000000e+00  -5.8799999999999986e-01 #xyz tv0
           2.1667766999999999e-01  -1.7677669999999999e-02  -5.8799999999999986e-01 #xyz tv1
           2.0856709000000004e-01  -2.3096989999999998e-02  -5.8799999999999986e-01 71 -1 #xyz tv2 fid bid
           2.2399999999999998e-01   0.0000000000000000e+00  -5.8799999999999986e-01 #xyz tv0
           2.1667766999999999e-01  -1.7677669999999999e-02  -5.8799999999999986e-01 #xyz tv1
           2.0856709000000004e-01  -2.3096989999999998e-02  -5.8799999999999986e-01 80 -1 #xyz tv2 fid bid
           2.2399999999999998e-01   0.0000000000000000e+00  -5.8799999999999986e-01 #xyz tv0
           2.1667766999999999e-01  -1.7677669999999999e-02  -5.8799999999999986e-01 #xyz tv1
           2.0856709000000004e-01  -2.3096989999999998e-02  -5.8799999999999986e-01 90 -1 #xyz tv2 fid bid
           2.2399999999999998e-01   0.0000000000000000e+00  -5.8799999999999986e-01 #xyz tv0
           2.1667766999999999e-01  -1.7677669999999999e-02  -5.8799999999999986e-01 #xyz tv1
           2.0856709000000004e-01  -2.3096989999999998e-02  -5.8799999999999986e-01 100 -1 #xyz tv2 fid bid
           2.0856709000000004e-01  -2.3096989999999998e-02  -5.8799999999999986e-01 #xyz ev0
           2.1667766999999999e-01  -1.7677669999999999e-02  -5.8799999999999986e-01 -1 87 #xyz ev1 fid bid
   0   0.000000000000e+00   0.000000000000e+00   0.000000000000e+00 #flag location
END_ERR 
G3dErrFileVersion 2018P3.1
FlagFileMetaData Begin
   Mesh Size - ATK_Solution, Refinement, Pass #4, Freq. 1.200000e+10 :Title    
   Listing of mesh elements with poor quality. :ToolTip  
   hf3d :Author   
   1776512084 :TimeStamp
FlagFileMetaData End
BEGIN_ERR 
26 Small mesh segment detected on body : port_cap
 Small mesh segment detected on body : port_cap 
 Segment Statistics - Number of Segments : 1 --- Segment length(s) : 0.009755cm. The cutoff frequency for S-Matrix Only Solve is 8.40539603440261MHz 
6 -1  70  80  90  100  71  # nfids, fids[]
2 87  -1  # nbids, bids[]
      6 8 1 0 #ntets ntri ned npts
           2.7752975999999996e-01  -3.2528090000000003e-02  -6.0399999999999987e-01 #xyz tv0
           2.2610771296008417e-01  -2.5292786274915782e-02  -5.8799999999999986e-01 #xyz tv1
           2.0856709000000004e-01  -2.3096989999999998e-02  -5.8799999999999986e-01 #xyz tv2
           2.1667766999999999e-01  -1.7677669999999999e-02  -5.8799999999999986e-01 -1 87 #xyz tv3 fid bid
           2.0856709000000004e-01  -2.3096989999999998e-02  -5.8799999999999986e-01 #xyz tv0
           2.2610771296008417e-01  -2.5292786274915782e-02  -5.8799999999999986e-01 #xyz tv1
           2.1667766999999999e-01  -1.7677669999999999e-02  -5.5085633325912553e-01 #xyz tv2
           2.1667766999999999e-01  -1.7677669999999999e-02  -5.8799999999999986e-01 -1 87 #xyz tv3 fid bid
           2.7752975999999996e-01  -3.2528090000000003e-02  -6.0399999999999987e-01 #xyz tv0
           2.0856709000000004e-01  -2.3096989999999998e-02  -5.8799999999999986e-01 #xyz tv1
           2.7752975999999996e-01   3.2528090000000003e-02  -6.0399999999999987e-01 #xyz tv2
           2.1667766999999999e-01  -1.7677669999999999e-02  -5.8799999999999986e-01 -1 87 #xyz tv3 fid bid
           2.2399999999999998e-01   0.0000000000000000e+00  -5.8799999999999986e-01 #xyz tv0
           2.1667766999999999e-01  -1.7677669999999999e-02  -5.5085633325912553e-01 #xyz tv1
           2.1667766999999999e-01  -1.7677669999999999e-02  -5.8799999999999986e-01 #xyz tv2
           2.0856709000000004e-01  -2.3096989999999998e-02  -5.8799999999999986e-01 -1 87 #xyz tv3 fid bid
           2.5910408000000001e-01   6.0104080000000004e-02  -6.0399999999999987e-01 #xyz tv0
           2.0856709000000004e-01  -2.3096989999999998e-02  -5.8799999999999986e-01 #xyz tv1
           2.1667766999999999e-01  -1.7677669999999999e-02  -5.8799999999999986e-01 #xyz tv2
           2.7752975999999996e-01   3.2528090000000003e-02  -6.0399999999999987e-01 -1 87 #xyz tv3 fid bid
           2.5910408000000001e-01   6.0104080000000004e-02  -6.0399999999999987e-01 #xyz tv0
           2.1667766999999999e-01  -1.7677669999999999e-02  -5.8799999999999986e-01 #xyz tv1
           2.0856709000000004e-01  -2.3096989999999998e-02  -5.8799999999999986e-01 #xyz tv2
           2.2399999999999998e-01   0.0000000000000000e+00  -5.8799999999999986e-01 -1 87 #xyz tv3 fid bid
           2.1667766999999999e-01  -1.7677669999999999e-02  -5.5085633325912553e-01 #xyz tv0
           2.0856709000000004e-01  -2.3096989999999998e-02  -5.8799999999999986e-01 #xyz tv1
           2.1667766999999999e-01  -1.7677669999999999e-02  -5.8799999999999986e-01 70 -1 #xyz tv2 fid bid
           2.2610771296008417e-01  -2.5292786274915782e-02  -5.8799999999999986e-01 #xyz tv0
           2.0856709000000004e-01  -2.3096989999999998e-02  -5.8799999999999986e-01 #xyz tv1
           2.1667766999999999e-01  -1.7677669999999999e-02  -5.8799999999999986e-01 80 -1 #xyz tv2 fid bid
           2.2610771296008417e-01  -2.5292786274915782e-02  -5.8799999999999986e-01 #xyz tv0
           2.0856709000000004e-01  -2.3096989999999998e-02  -5.8799999999999986e-01 #xyz tv1
           2.1667766999999999e-01  -1.7677669999999999e-02  -5.8799999999999986e-01 90 -1 #xyz tv2 fid bid
           2.2610771296008417e-01  -2.5292786274915782e-02  -5.8799999999999986e-01 #xyz tv0
           2.0856709000000004e-01  -2.3096989999999998e-02  -5.8799999999999986e-01 #xyz tv1
           2.1667766999999999e-01  -1.7677669999999999e-02  -5.8799999999999986e-01 100 -1 #xyz tv2 fid bid
           2.2399999999999998e-01   0.0000000000000000e+00  -5.8799999999999986e-01 #xyz tv0
           2.1667766999999999e-01  -1.7677669999999999e-02  -5.8799999999999986e-01 #xyz tv1
           2.0856709000000004e-01  -2.3096989999999998e-02  -5.8799999999999986e-01 71 -1 #xyz tv2 fid bid
           2.2399999999999998e-01   0.0000000000000000e+00  -5.8799999999999986e-01 #xyz tv0
           2.1667766999999999e-01  -1.7677669999999999e-02  -5.8799999999999986e-01 #xyz tv1
           2.0856709000000004e-01  -2.3096989999999998e-02  -5.8799999999999986e-01 80 -1 #xyz tv2 fid bid
           2.2399999999999998e-01   0.0000000000000000e+00  -5.8799999999999986e-01 #xyz tv0
           2.1667766999999999e-01  -1.7677669999999999e-02  -5.8799999999999986e-01 #xyz tv1
           2.0856709000000004e-01  -2.3096989999999998e-02  -5.8799999999999986e-01 90 -1 #xyz tv2 fid bid
           2.2399999999999998e-01   0.0000000000000000e+00  -5.8799999999999986e-01 #xyz tv0
           2.1667766999999999e-01  -1.7677669999999999e-02  -5.8799999999999986e-01 #xyz tv1
           2.0856709000000004e-01  -2.3096989999999998e-02  -5.8799999999999986e-01 100 -1 #xyz tv2 fid bid
           2.0856709000000004e-01  -2.3096989999999998e-02  -5.8799999999999986e-01 #xyz ev0
           2.1667766999999999e-01  -1.7677669999999999e-02  -5.8799999999999986e-01 -1 87 #xyz ev1 fid bid
   0   0.000000000000e+00   0.000000000000e+00   0.000000000000e+00 #flag location
END_ERR 
G3dErrFileVersion 2018P3.1
FlagFileMetaData Begin
   Mesh Size - ATK_Solution, Refinement, Pass #5, Freq. 1.200000e+10 :Title    
   Listing of mesh elements with poor quality. :ToolTip  
   hf3d :Author   
   1776512087 :TimeStamp
FlagFileMetaData End
BEGIN_ERR 
26 Small mesh segment detected on body : port_cap
 Small mesh segment detected on body : port_cap 
 Segment Statistics - Number of Segments : 1 --- Segment length(s) : 0.009755cm. The cutoff frequency for S-Matrix Only Solve is 8.40539603440261MHz 
6 -1  70  80  90  100  71  # nfids, fids[]
2 87  -1  # nbids, bids[]
      6 8 1 0 #ntets ntri ned npts
           2.7752975999999996e-01  -3.2528090000000003e-02  -6.0399999999999987e-01 #xyz tv0
           2.2612057830533550e-01  -2.5321375028308578e-02  -5.8799999999999986e-01 #xyz tv1
           2.0856709000000004e-01  -2.3096989999999998e-02  -5.8799999999999986e-01 #xyz tv2
           2.1667766999999999e-01  -1.7677669999999999e-02  -5.8799999999999986e-01 -1 87 #xyz tv3 fid bid
           2.0856709000000004e-01  -2.3096989999999998e-02  -5.8799999999999986e-01 #xyz tv0
           2.2612057830533550e-01  -2.5321375028308578e-02  -5.8799999999999986e-01 #xyz tv1
           2.1667766999999999e-01  -1.7677669999999999e-02  -5.5085633325912553e-01 #xyz tv2
           2.1667766999999999e-01  -1.7677669999999999e-02  -5.8799999999999986e-01 -1 87 #xyz tv3 fid bid
           2.7752975999999996e-01  -3.2528090000000003e-02  -6.0399999999999987e-01 #xyz tv0
           2.0856709000000004e-01  -2.3096989999999998e-02  -5.8799999999999986e-01 #xyz tv1
           2.7752975999999996e-01   3.2528090000000003e-02  -6.0399999999999987e-01 #xyz tv2
           2.1667766999999999e-01  -1.7677669999999999e-02  -5.8799999999999986e-01 -1 87 #xyz tv3 fid bid
           2.2399999999999998e-01   0.0000000000000000e+00  -5.8799999999999986e-01 #xyz tv0
           2.1667766999999999e-01  -1.7677669999999999e-02  -5.5085633325912553e-01 #xyz tv1
           2.1667766999999999e-01  -1.7677669999999999e-02  -5.8799999999999986e-01 #xyz tv2
           2.0856709000000004e-01  -2.3096989999999998e-02  -5.8799999999999986e-01 -1 87 #xyz tv3 fid bid
           2.5910408000000001e-01   6.0104080000000004e-02  -6.0399999999999987e-01 #xyz tv0
           2.0856709000000004e-01  -2.3096989999999998e-02  -5.8799999999999986e-01 #xyz tv1
           2.1667766999999999e-01  -1.7677669999999999e-02  -5.8799999999999986e-01 #xyz tv2
           2.7752975999999996e-01   3.2528090000000003e-02  -6.0399999999999987e-01 -1 87 #xyz tv3 fid bid
           2.5910408000000001e-01   6.0104080000000004e-02  -6.0399999999999987e-01 #xyz tv0
           2.1667766999999999e-01  -1.7677669999999999e-02  -5.8799999999999986e-01 #xyz tv1
           2.0856709000000004e-01  -2.3096989999999998e-02  -5.8799999999999986e-01 #xyz tv2
           2.2399999999999998e-01   0.0000000000000000e+00  -5.8799999999999986e-01 -1 87 #xyz tv3 fid bid
           2.1667766999999999e-01  -1.7677669999999999e-02  -5.5085633325912553e-01 #xyz tv0
           2.0856709000000004e-01  -2.3096989999999998e-02  -5.8799999999999986e-01 #xyz tv1
           2.1667766999999999e-01  -1.7677669999999999e-02  -5.8799999999999986e-01 70 -1 #xyz tv2 fid bid
           2.2612057830533550e-01  -2.5321375028308578e-02  -5.8799999999999986e-01 #xyz tv0
           2.0856709000000004e-01  -2.3096989999999998e-02  -5.8799999999999986e-01 #xyz tv1
           2.1667766999999999e-01  -1.7677669999999999e-02  -5.8799999999999986e-01 80 -1 #xyz tv2 fid bid
           2.2612057830533550e-01  -2.5321375028308578e-02  -5.8799999999999986e-01 #xyz tv0
           2.0856709000000004e-01  -2.3096989999999998e-02  -5.8799999999999986e-01 #xyz tv1
           2.1667766999999999e-01  -1.7677669999999999e-02  -5.8799999999999986e-01 90 -1 #xyz tv2 fid bid
           2.2612057830533550e-01  -2.5321375028308578e-02  -5.8799999999999986e-01 #xyz tv0
           2.0856709000000004e-01  -2.3096989999999998e-02  -5.8799999999999986e-01 #xyz tv1
           2.1667766999999999e-01  -1.7677669999999999e-02  -5.8799999999999986e-01 100 -1 #xyz tv2 fid bid
           2.2399999999999998e-01   0.0000000000000000e+00  -5.8799999999999986e-01 #xyz tv0
           2.1667766999999999e-01  -1.7677669999999999e-02  -5.8799999999999986e-01 #xyz tv1
           2.0856709000000004e-01  -2.3096989999999998e-02  -5.8799999999999986e-01 71 -1 #xyz tv2 fid bid
           2.2399999999999998e-01   0.0000000000000000e+00  -5.8799999999999986e-01 #xyz tv0
           2.1667766999999999e-01  -1.7677669999999999e-02  -5.8799999999999986e-01 #xyz tv1
           2.0856709000000004e-01  -2.3096989999999998e-02  -5.8799999999999986e-01 80 -1 #xyz tv2 fid bid
           2.2399999999999998e-01   0.0000000000000000e+00  -5.8799999999999986e-01 #xyz tv0
           2.1667766999999999e-01  -1.7677669999999999e-02  -5.8799999999999986e-01 #xyz tv1
           2.0856709000000004e-01  -2.3096989999999998e-02  -5.8799999999999986e-01 90 -1 #xyz tv2 fid bid
           2.2399999999999998e-01   0.0000000000000000e+00  -5.8799999999999986e-01 #xyz tv0
           2.1667766999999999e-01  -1.7677669999999999e-02  -5.8799999999999986e-01 #xyz tv1
           2.0856709000000004e-01  -2.3096989999999998e-02  -5.8799999999999986e-01 100 -1 #xyz tv2 fid bid
           2.0856709000000004e-01  -2.3096989999999998e-02  -5.8799999999999986e-01 #xyz ev0
           2.1667766999999999e-01  -1.7677669999999999e-02  -5.8799999999999986e-01 -1 87 #xyz ev1 fid bid
   0   0.000000000000e+00   0.000000000000e+00   0.000000000000e+00 #flag location
END_ERR 
G3dErrFileVersion 2018P3.1
FlagFileMetaData Begin
   Mesh Size - ATK_Solution, Refinement, Pass #6, Freq. 1.200000e+10 :Title    
   Listing of mesh elements with poor quality. :ToolTip  
   hf3d :Author   
   1776512090 :TimeStamp
FlagFileMetaData End
BEGIN_ERR 
26 Small mesh segment detected on body : port_cap
 Small mesh segment detected on body : port_cap 
 Segment Statistics - Number of Segments : 1 --- Segment length(s) : 0.009755cm. The cutoff frequency for S-Matrix Only Solve is 8.40539603440261MHz 
6 -1  70  80  90  100  71  # nfids, fids[]
2 87  -1  # nbids, bids[]
      5 8 1 0 #ntets ntri ned npts
           1.9900000000000001e-01  -2.5000000000000001e-02  -5.8799999999999986e-01 #xyz tv0
           2.1667766999999999e-01  -1.7677669999999999e-02  -5.8799999999999986e-01 #xyz tv1
           2.7752975999999996e-01   3.2528090000000003e-02  -6.0399999999999987e-01 #xyz tv2
           2.0856709000000004e-01  -2.3096989999999998e-02  -5.8799999999999986e-01 -1 87 #xyz tv3 fid bid
           2.7752975999999996e-01  -3.2528090000000003e-02  -6.0399999999999987e-01 #xyz tv0
           2.0856709000000004e-01  -2.3096989999999998e-02  -5.8799999999999986e-01 #xyz tv1
           2.7752975999999996e-01   3.2528090000000003e-02  -6.0399999999999987e-01 #xyz tv2
           2.1667766999999999e-01  -1.7677669999999999e-02  -5.8799999999999986e-01 -1 87 #xyz tv3 fid bid
           2.1667766999999999e-01  -1.7677669999999999e-02  -5.8799999999999986e-01 #xyz tv0
           1.9900000000000001e-01  -2.5000000000000001e-02  -5.8799999999999986e-01 #xyz tv1
           2.1667766999999999e-01  -1.7677669999999999e-02  -5.5085633325912553e-01 #xyz tv2
           2.0856709000000004e-01  -2.3096989999999998e-02  -5.8799999999999986e-01 -1 87 #xyz tv3 fid bid
           2.7752975999999996e-01  -3.2528090000000003e-02  -6.0399999999999987e-01 #xyz tv0
           2.2612169664917378e-01  -2.5327594164794208e-02  -5.8799999999999986e-01 #xyz tv1
           2.0856709000000004e-01  -2.3096989999999998e-02  -5.8799999999999986e-01 #xyz tv2
           2.1667766999999999e-01  -1.7677669999999999e-02  -5.8799999999999986e-01 -1 87 #xyz tv3 fid bid
           2.0856709000000004e-01  -2.3096989999999998e-02  -5.8799999999999986e-01 #xyz tv0
           2.2612169664917378e-01  -2.5327594164794208e-02  -5.8799999999999986e-01 #xyz tv1
           2.1667766999999999e-01  -1.7677669999999999e-02  -5.5085633325912553e-01 #xyz tv2
           2.1667766999999999e-01  -1.7677669999999999e-02  -5.8799999999999986e-01 -1 87 #xyz tv3 fid bid
           2.1667766999999999e-01  -1.7677669999999999e-02  -5.5085633325912553e-01 #xyz tv0
           2.0856709000000004e-01  -2.3096989999999998e-02  -5.8799999999999986e-01 #xyz tv1
           2.1667766999999999e-01  -1.7677669999999999e-02  -5.8799999999999986e-01 70 -1 #xyz tv2 fid bid
           2.2612169664917378e-01  -2.5327594164794208e-02  -5.8799999999999986e-01 #xyz tv0
           2.0856709000000004e-01  -2.3096989999999998e-02  -5.8799999999999986e-01 #xyz tv1
           2.1667766999999999e-01  -1.7677669999999999e-02  -5.8799999999999986e-01 80 -1 #xyz tv2 fid bid
           2.2612169664917378e-01  -2.5327594164794208e-02  -5.8799999999999986e-01 #xyz tv0
           2.0856709000000004e-01  -2.3096989999999998e-02  -5.8799999999999986e-01 #xyz tv1
           2.1667766999999999e-01  -1.7677669999999999e-02  -5.8799999999999986e-01 90 -1 #xyz tv2 fid bid
           2.2612169664917378e-01  -2.5327594164794208e-02  -5.8799999999999986e-01 #xyz tv0
           2.0856709000000004e-01  -2.3096989999999998e-02  -5.8799999999999986e-01 #xyz tv1
           2.1667766999999999e-01  -1.7677669999999999e-02  -5.8799999999999986e-01 100 -1 #xyz tv2 fid bid
           1.9900000000000001e-01  -2.5000000000000001e-02  -5.8799999999999986e-01 #xyz tv0
           2.1667766999999999e-01  -1.7677669999999999e-02  -5.8799999999999986e-01 #xyz tv1
           2.0856709000000004e-01  -2.3096989999999998e-02  -5.8799999999999986e-01 71 -1 #xyz tv2 fid bid
           1.9900000000000001e-01  -2.5000000000000001e-02  -5.8799999999999986e-01 #xyz tv0
           2.1667766999999999e-01  -1.7677669999999999e-02  -5.8799999999999986e-01 #xyz tv1
           2.0856709000000004e-01  -2.3096989999999998e-02  -5.8799999999999986e-01 80 -1 #xyz tv2 fid bid
           1.9900000000000001e-01  -2.5000000000000001e-02  -5.8799999999999986e-01 #xyz tv0
           2.1667766999999999e-01  -1.7677669999999999e-02  -5.8799999999999986e-01 #xyz tv1
           2.0856709000000004e-01  -2.3096989999999998e-02  -5.8799999999999986e-01 90 -1 #xyz tv2 fid bid
           1.9900000000000001e-01  -2.5000000000000001e-02  -5.8799999999999986e-01 #xyz tv0
           2.1667766999999999e-01  -1.7677669999999999e-02  -5.8799999999999986e-01 #xyz tv1
           2.0856709000000004e-01  -2.3096989999999998e-02  -5.8799999999999986e-01 100 -1 #xyz tv2 fid bid
           2.0856709000000004e-01  -2.3096989999999998e-02  -5.8799999999999986e-01 #xyz ev0
           2.1667766999999999e-01  -1.7677669999999999e-02  -5.8799999999999986e-01 -1 87 #xyz ev1 fid bid
   0   0.000000000000e+00   0.000000000000e+00   0.000000000000e+00 #flag location
END_ERR 
G3dErrFileVersion 2018P3.1
FlagFileMetaData Begin
   Mesh Size - ATK_Solution, Refinement, Pass #7, Freq. 1.200000e+10 :Title    
   Listing of mesh elements with poor quality. :ToolTip  
   hf3d :Author   
   1776512093 :TimeStamp
FlagFileMetaData End
BEGIN_ERR 
26 Small mesh segment detected on body : coax
 Small mesh segment detected on body : coax 
 Segment Statistics - Number of Segments : 1 --- Segment length(s) : 0.009755cm. The cutoff frequency for S-Matrix Only Solve is 8.40539603440261MHz 
7 -1  70  61  8  81  62  72  # nfids, fids[]
2 78  -1  # nbids, bids[]
      7 8 1 0 #ntets ntri ned npts
           2.1667766999999999e-01  -1.7677669999999999e-02   0.0000000000000000e+00 #xyz tv0
           2.0856709000000004e-01  -2.3096989999999998e-02   0.0000000000000000e+00 #xyz tv1
           2.2490038513213745e-01  -4.7249449778838909e-02  -3.6793228408438239e-02 #xyz tv2
           2.1667766999999999e-01  -1.7677669999999999e-02  -5.1093750468749921e-02 -1 78 #xyz tv3 fid bid
           2.0856709000000004e-01  -2.3096989999999998e-02   0.0000000000000000e+00 #xyz tv0
           2.2490038513213745e-01  -4.7249449778838909e-02  -3.6793228408438239e-02 #xyz tv1
           2.3586608730453468e-01  -3.4819219436085388e-02   0.0000000000000000e+00 #xyz tv2
           2.1667766999999999e-01  -1.7677669999999999e-02   0.0000000000000000e+00 -1 78 #xyz tv3 fid bid
           2.0856709000000004e-01  -2.3096989999999998e-02   0.0000000000000000e+00 #xyz tv0
           2.1667766999999999e-01  -1.7677669999999999e-02   0.0000000000000000e+00 #xyz tv1
           2.2209698999999997e-01  -9.5670899999999986e-03   0.0000000000000000e+00 #xyz tv2
           2.1667766999999999e-01  -1.7677669999999999e-02  -5.1093750468749921e-02 -1 78 #xyz tv3 fid bid
           2.0856709000000004e-01  -2.3096989999999998e-02   0.0000000000000000e+00 #xyz tv0
           2.3586608730453468e-01  -3.4819219436085388e-02   0.0000000000000000e+00 #xyz tv1
           2.1714731872035231e-01  -3.2487435694524801e-02   1.3658697538476830e-02 #xyz tv2
           2.1667766999999999e-01  -1.7677669999999999e-02   0.0000000000000000e+00 -1 78 #xyz tv3 fid bid
           2.0856709000000004e-01  -2.3096989999999998e-02   0.0000000000000000e+00 #xyz tv0
           2.2209698999999997e-01  -9.5670899999999986e-03   0.0000000000000000e+00 #xyz tv1
           2.1667766999999999e-01  -1.7677669999999999e-02   0.0000000000000000e+00 #xyz tv2
           2.2209698999999997e-01  -9.5670899999999986e-03   2.8190561649708287e-02 -1 78 #xyz tv3 fid bid
           2.1714731872035231e-01  -3.2487435694524801e-02   1.3658697538476830e-02 #xyz tv0
           2.0856709000000004e-01  -2.3096989999999998e-02   2.4864582656250023e-02 #xyz tv1
           2.0856709000000004e-01  -2.3096989999999998e-02   0.0000000000000000e+00 #xyz tv2
           2.1667766999999999e-01  -1.7677669999999999e-02   0.0000000000000000e+00 -1 78 #xyz tv3 fid bid
           2.0856709000000004e-01  -2.3096989999999998e-02   2.4864582656250023e-02 #xyz tv0
           2.1667766999999999e-01  -1.7677669999999999e-02   0.0000000000000000e+00 #xyz tv1
           2.2209698999999997e-01  -9.5670899999999986e-03   2.8190561649708287e-02 #xyz tv2
           2.0856709000000004e-01  -2.3096989999999998e-02   0.0000000000000000e+00 -1 78 #xyz tv3 fid bid
           2.0856709000000004e-01  -2.3096989999999998e-02   0.0000000000000000e+00 #xyz tv0
           2.1667766999999999e-01  -1.7677669999999999e-02  -5.1093750468749921e-02 #xyz tv1
           2.1667766999999999e-01  -1.7677669999999999e-02   0.0000000000000000e+00 70 -1 #xyz tv2 fid bid
           2.0856709000000004e-01  -2.3096989999999998e-02   0.0000000000000000e+00 #xyz tv0
           2.0856709000000004e-01  -2.3096989999999998e-02   2.4864582656250023e-02 #xyz tv1
           2.1667766999999999e-01  -1.7677669999999999e-02   0.0000000000000000e+00 61 -1 #xyz tv2 fid bid
           2.3586608730453468e-01  -3.4819219436085388e-02   0.0000000000000000e+00 #xyz tv0
           2.0856709000000004e-01  -2.3096989999999998e-02   0.0000000000000000e+00 #xyz tv1
           2.1667766999999999e-01  -1.7677669999999999e-02   0.0000000000000000e+00 8 -1 #xyz tv2 fid bid
           2.3586608730453468e-01  -3.4819219436085388e-02   0.0000000000000000e+00 #xyz tv0
           2.0856709000000004e-01  -2.3096989999999998e-02   0.0000000000000000e+00 #xyz tv1
           2.1667766999999999e-01  -1.7677669999999999e-02   0.0000000000000000e+00 81 -1 #xyz tv2 fid bid
           2.2209698999999997e-01  -9.5670899999999986e-03   0.0000000000000000e+00 #xyz tv0
           2.1667766999999999e-01  -1.7677669999999999e-02   0.0000000000000000e+00 #xyz tv1
           2.0856709000000004e-01  -2.3096989999999998e-02   0.0000000000000000e+00 8 -1 #xyz tv2 fid bid
           2.2209698999999997e-01  -9.5670899999999986e-03   0.0000000000000000e+00 #xyz tv0
           2.1667766999999999e-01  -1.7677669999999999e-02   0.0000000000000000e+00 #xyz tv1
           2.0856709000000004e-01  -2.3096989999999998e-02   0.0000000000000000e+00 62 -1 #xyz tv2 fid bid
           2.2209698999999997e-01  -9.5670899999999986e-03   0.0000000000000000e+00 #xyz tv0
           2.1667766999999999e-01  -1.7677669999999999e-02   0.0000000000000000e+00 #xyz tv1
           2.0856709000000004e-01  -2.3096989999999998e-02   0.0000000000000000e+00 72 -1 #xyz tv2 fid bid
           2.2209698999999997e-01  -9.5670899999999986e-03   0.0000000000000000e+00 #xyz tv0
           2.1667766999999999e-01  -1.7677669999999999e-02   0.0000000000000000e+00 #xyz tv1
           2.0856709000000004e-01  -2.3096989999999998e-02   0.0000000000000000e+00 81 -1 #xyz tv2 fid bid
           2.1667766999999999e-01  -1.7677669999999999e-02   0.0000000000000000e+00 #xyz ev0
           2.0856709000000004e-01  -2.3096989999999998e-02   0.0000000000000000e+00 -1 78 #xyz ev1 fid bid
   0   0.000000000000e+00   0.000000000000e+00   0.000000000000e+00 #flag location
END_ERR 
BEGIN_ERR 
26 Small mesh segment detected on body : port_cap
 Small mesh segment detected on body : port_cap 
 Segment Statistics - Number of Segments : 1 --- Segment length(s) : 0.009755cm. The cutoff frequency for S-Matrix Only Solve is 8.40539603440261MHz 
6 -1  70  80  90  100  71  # nfids, fids[]
2 87  -1  # nbids, bids[]
      5 8 1 0 #ntets ntri ned npts
           1.9900000000000001e-01  -2.5000000000000001e-02  -5.8799999999999986e-01 #xyz tv0
           2.1667766999999999e-01  -1.7677669999999999e-02  -5.8799999999999986e-01 #xyz tv1
           2.7752975999999996e-01   3.2528090000000003e-02  -6.0399999999999987e-01 #xyz tv2
           2.0856709000000004e-01  -2.3096989999999998e-02  -5.8799999999999986e-01 -1 87 #xyz tv3 fid bid
           2.7752975999999996e-01  -3.2528090000000003e-02  -6.0399999999999987e-01 #xyz tv0
           2.0856709000000004e-01  -2.3096989999999998e-02  -5.8799999999999986e-01 #xyz tv1
           2.7752975999999996e-01   3.2528090000000003e-02  -6.0399999999999987e-01 #xyz tv2
           2.1667766999999999e-01  -1.7677669999999999e-02  -5.8799999999999986e-01 -1 87 #xyz tv3 fid bid
           2.1667766999999999e-01  -1.7677669999999999e-02  -5.8799999999999986e-01 #xyz tv0
           1.9900000000000001e-01  -2.5000000000000001e-02  -5.8799999999999986e-01 #xyz tv1
           2.1667766999999999e-01  -1.7677669999999999e-02  -5.5085633325912553e-01 #xyz tv2
           2.0856709000000004e-01  -2.3096989999999998e-02  -5.8799999999999986e-01 -1 87 #xyz tv3 fid bid
           2.7752975999999996e-01  -3.2528090000000003e-02  -6.0399999999999987e-01 #xyz tv0
           2.2612170716911842e-01  -2.5328167088962905e-02  -5.8799999999999986e-01 #xyz tv1
           2.0856709000000004e-01  -2.3096989999999998e-02  -5.8799999999999986e-01 #xyz tv2
           2.1667766999999999e-01  -1.7677669999999999e-02  -5.8799999999999986e-01 -1 87 #xyz tv3 fid bid
