G3dErrFileVersion 2018P3.1
FlagFileMetaData Begin
   Mesh Size - ATK_Solution, Refinement, Pass #1, Freq. 9.000000e+08 :Title    
   Listing of mesh elements with poor quality. :ToolTip  
   hf3d :Author   
   1776508410 :TimeStamp
FlagFileMetaData End
BEGIN_ERR 
26 Small mesh segment detected on body : RadiatingSurface
 Small mesh segment detected on body : RadiatingSurface 
 Segment Statistics - Number of Segments : 1 --- Segment length(s) : 0.055250cm. The cutoff frequency for S-Matrix Only Solve is 806.279022878692kHz 
2 -1  33  # nfids, fids[]
2 35  -1  # nbids, bids[]
      4 2 1 0 #ntets ntri ned npts
           0.0000000000000000e+00   2.2099999999999997e-01   7.1499999999999980e-02 #xyz tv0
          -8.4573040000000002e-02   2.0417737999999996e-01   1.4299999999999996e-01 #xyz tv1
           0.0000000000000000e+00   1.6574999999999998e-01   7.1499999999999980e-02 #xyz tv2
           0.0000000000000000e+00   2.2099999999999997e-01   0.0000000000000000e+00 -1 35 #xyz tv3 fid bid
           0.0000000000000000e+00   2.2099999999999997e-01   7.1499999999999980e-02 #xyz tv0
           0.0000000000000000e+00   1.6574999999999998e-01   7.1499999999999980e-02 #xyz tv1
          -8.4573040000000002e-02   2.0417737999999996e-01   1.4299999999999996e-01 #xyz tv2
           0.0000000000000000e+00   2.2099999999999997e-01   1.4299999999999996e-01 -1 35 #xyz tv3 fid bid
           0.0000000000000000e+00   2.2099999999999997e-01   7.1499999999999980e-02 #xyz tv0
           0.0000000000000000e+00   1.6574999999999998e-01   7.1499999999999980e-02 #xyz tv1
           8.4573040000000002e-02   2.0417737999999996e-01   1.4299999999999996e-01 #xyz tv2
           0.0000000000000000e+00   2.2099999999999997e-01   0.0000000000000000e+00 -1 35 #xyz tv3 fid bid
           0.0000000000000000e+00   2.2099999999999997e-01   7.1499999999999980e-02 #xyz tv0
           8.4573040000000002e-02   2.0417737999999996e-01   1.4299999999999996e-01 #xyz tv1
           0.0000000000000000e+00   1.6574999999999998e-01   7.1499999999999980e-02 #xyz tv2
           0.0000000000000000e+00   2.2099999999999997e-01   1.4299999999999996e-01 -1 35 #xyz tv3 fid bid
           0.0000000000000000e+00   2.2099999999999997e-01   7.1499999999999980e-02 #xyz tv0
           0.0000000000000000e+00   1.6574999999999998e-01   7.1499999999999980e-02 #xyz tv1
           0.0000000000000000e+00   2.2099999999999997e-01   1.4299999999999996e-01 33 -1 #xyz tv2 fid bid
           0.0000000000000000e+00   2.2099999999999997e-01   7.1499999999999980e-02 #xyz tv0
           0.0000000000000000e+00   2.2099999999999997e-01   0.0000000000000000e+00 #xyz tv1
           0.0000000000000000e+00   1.6574999999999998e-01   7.1499999999999980e-02 33 -1 #xyz tv2 fid bid
           0.0000000000000000e+00   2.2099999999999997e-01   7.1499999999999980e-02 #xyz ev0
           0.0000000000000000e+00   1.6574999999999998e-01   7.1499999999999980e-02 -1 35 #xyz ev1 fid bid
   0   0.000000000000e+00   0.000000000000e+00   0.000000000000e+00 #flag location
END_ERR 
G3dErrFileVersion 2018P3.1
FlagFileMetaData Begin
   Mesh Size - ATK_Solution, Refinement, Pass #2, Freq. 9.000000e+08 :Title    
   Listing of mesh elements with poor quality. :ToolTip  
   hf3d :Author   
   1776508412 :TimeStamp
FlagFileMetaData End
BEGIN_ERR 
26 Small mesh segment detected on body : RadiatingSurface
 Small mesh segment detected on body : RadiatingSurface 
 Segment Statistics - Number of Segments : 1 --- Segment length(s) : 0.055250cm. The cutoff frequency for S-Matrix Only Solve is 806.279022878692kHz 
2 -1  33  # nfids, fids[]
2 35  -1  # nbids, bids[]
      5 2 1 0 #ntets ntri ned npts
           0.0000000000000000e+00   2.2099999999999997e-01   7.1499999999999980e-02 #xyz tv0
           0.0000000000000000e+00   1.6574999999999998e-01   7.1499999999999980e-02 #xyz tv1
          -8.4573040000000002e-02   2.0417737999999996e-01   1.4299999999999996e-01 #xyz tv2
           0.0000000000000000e+00   2.2099999999999997e-01   1.4299999999999996e-01 -1 35 #xyz tv3 fid bid
           0.0000000000000000e+00   2.2099999999999997e-01   7.1499999999999980e-02 #xyz tv0
           8.4573040000000002e-02   2.0417737999999996e-01   1.4299999999999996e-01 #xyz tv1
           0.0000000000000000e+00   1.6574999999999998e-01   7.1499999999999980e-02 #xyz tv2
           0.0000000000000000e+00   2.2099999999999997e-01   1.4299999999999996e-01 -1 35 #xyz tv3 fid bid
           0.0000000000000000e+00   2.2099999999999997e-01   7.1499999999999980e-02 #xyz tv0
          -8.4573040000000002e-02   2.0417737999999996e-01   1.4299999999999996e-01 #xyz tv1
           0.0000000000000000e+00   1.6574999999999998e-01   7.1499999999999980e-02 #xyz tv2
           0.0000000000000000e+00   2.2099999999999997e-01   0.0000000000000000e+00 -1 35 #xyz tv3 fid bid
           0.0000000000000000e+00   2.2099999999999997e-01   7.1499999999999980e-02 #xyz tv0
           1.5627059999999998e-01   1.5627059999999998e-01   1.4299999999999996e-01 #xyz tv1
           0.0000000000000000e+00   1.6574999999999998e-01   7.1499999999999980e-02 #xyz tv2
           8.4573040000000002e-02   2.0417737999999996e-01   1.4299999999999996e-01 -1 35 #xyz tv3 fid bid
           0.0000000000000000e+00   2.2099999999999997e-01   7.1499999999999980e-02 #xyz tv0
           0.0000000000000000e+00   1.6574999999999998e-01   7.1499999999999980e-02 #xyz tv1
           1.5627059999999998e-01   1.5627059999999998e-01   1.4299999999999996e-01 #xyz tv2
           0.0000000000000000e+00   2.2099999999999997e-01   0.0000000000000000e+00 -1 35 #xyz tv3 fid bid
           0.0000000000000000e+00   2.2099999999999997e-01   7.1499999999999980e-02 #xyz tv0
           0.0000000000000000e+00   1.6574999999999998e-01   7.1499999999999980e-02 #xyz tv1
           0.0000000000000000e+00   2.2099999999999997e-01   1.4299999999999996e-01 33 -1 #xyz tv2 fid bid
           0.0000000000000000e+00   2.2099999999999997e-01   7.1499999999999980e-02 #xyz tv0
           0.0000000000000000e+00   2.2099999999999997e-01   0.0000000000000000e+00 #xyz tv1
           0.0000000000000000e+00   1.6574999999999998e-01   7.1499999999999980e-02 33 -1 #xyz tv2 fid bid
           0.0000000000000000e+00   2.2099999999999997e-01   7.1499999999999980e-02 #xyz ev0
           0.0000000000000000e+00   1.6574999999999998e-01   7.1499999999999980e-02 -1 35 #xyz ev1 fid bid
   0   0.000000000000e+00   0.000000000000e+00   0.000000000000e+00 #flag location
END_ERR 
G3dErrFileVersion 2018P3.1
FlagFileMetaData Begin
   Mesh Size - ATK_Solution, Refinement, Pass #3, Freq. 9.000000e+08 :Title    
   Listing of mesh elements with poor quality. :ToolTip  
   hf3d :Author   
   1776508415 :TimeStamp
FlagFileMetaData End
BEGIN_ERR 
26 Small mesh segment detected on body : RadiatingSurface
 Small mesh segment detected on body : RadiatingSurface 
 Segment Statistics - Number of Segments : 1 --- Segment length(s) : 0.055250cm. The cutoff frequency for S-Matrix Only Solve is 806.279022878692kHz 
2 -1  33  # nfids, fids[]
2 35  -1  # nbids, bids[]
      5 2 1 0 #ntets ntri ned npts
           0.0000000000000000e+00   2.2099999999999997e-01   7.1499999999999980e-02 #xyz tv0
           0.0000000000000000e+00   1.6574999999999998e-01   7.1499999999999980e-02 #xyz tv1
          -8.4573040000000002e-02   2.0417737999999996e-01   1.4299999999999996e-01 #xyz tv2
           0.0000000000000000e+00   2.2099999999999997e-01   1.4299999999999996e-01 -1 35 #xyz tv3 fid bid
           0.0000000000000000e+00   2.2099999999999997e-01   7.1499999999999980e-02 #xyz tv0
           8.4573040000000002e-02   2.0417737999999996e-01   1.4299999999999996e-01 #xyz tv1
           0.0000000000000000e+00   1.6574999999999998e-01   7.1499999999999980e-02 #xyz tv2
           0.0000000000000000e+00   2.2099999999999997e-01   1.4299999999999996e-01 -1 35 #xyz tv3 fid bid
           0.0000000000000000e+00   2.2099999999999997e-01   7.1499999999999980e-02 #xyz tv0
          -8.4573040000000002e-02   2.0417737999999996e-01   1.4299999999999996e-01 #xyz tv1
           0.0000000000000000e+00   1.6574999999999998e-01   7.1499999999999980e-02 #xyz tv2
           0.0000000000000000e+00   2.2099999999999997e-01   0.0000000000000000e+00 -1 35 #xyz tv3 fid bid
           0.0000000000000000e+00   2.2099999999999997e-01   7.1499999999999980e-02 #xyz tv0
           0.0000000000000000e+00   1.6574999999999998e-01   7.1499999999999980e-02 #xyz tv1
           1.5627059999999998e-01   1.5627059999999998e-01   1.4299999999999996e-01 #xyz tv2
           0.0000000000000000e+00   2.2099999999999997e-01   0.0000000000000000e+00 -1 35 #xyz tv3 fid bid
           0.0000000000000000e+00   2.2099999999999997e-01   7.1499999999999980e-02 #xyz tv0
           1.5627059999999998e-01   1.5627059999999998e-01   1.4299999999999996e-01 #xyz tv1
           0.0000000000000000e+00   1.6574999999999998e-01   7.1499999999999980e-02 #xyz tv2
           8.4573040000000002e-02   2.0417737999999996e-01   1.4299999999999996e-01 -1 35 #xyz tv3 fid bid
           0.0000000000000000e+00   2.2099999999999997e-01   7.1499999999999980e-02 #xyz tv0
           0.0000000000000000e+00   1.6574999999999998e-01   7.1499999999999980e-02 #xyz tv1
           0.0000000000000000e+00   2.2099999999999997e-01   1.4299999999999996e-01 33 -1 #xyz tv2 fid bid
           0.0000000000000000e+00   2.2099999999999997e-01   7.1499999999999980e-02 #xyz tv0
           0.0000000000000000e+00   2.2099999999999997e-01   0.0000000000000000e+00 #xyz tv1
           0.0000000000000000e+00   1.6574999999999998e-01   7.1499999999999980e-02 33 -1 #xyz tv2 fid bid
           0.0000000000000000e+00   2.2099999999999997e-01   7.1499999999999980e-02 #xyz ev0
           0.0000000000000000e+00   1.6574999999999998e-01   7.1499999999999980e-02 -1 35 #xyz ev1 fid bid
   0   0.000000000000e+00   0.000000000000e+00   0.000000000000e+00 #flag location
END_ERR 
G3dErrFileVersion 2018P3.1
FlagFileMetaData Begin
   Mesh Size - ATK_Solution, Refinement, Pass #4, Freq. 9.000000e+08 :Title    
   Listing of mesh elements with poor quality. :ToolTip  
   hf3d :Author   
   1776508418 :TimeStamp
FlagFileMetaData End
BEGIN_ERR 
26 Small mesh segment detected on body : RadiatingSurface
 Small mesh segment detected on body : RadiatingSurface 
 Segment Statistics - Number of Segments : 1 --- Segment length(s) : 0.055250cm. The cutoff frequency for S-Matrix Only Solve is 806.279022878692kHz 
2 -1  33  # nfids, fids[]
2 35  -1  # nbids, bids[]
      5 2 1 0 #ntets ntri ned npts
           0.0000000000000000e+00   2.2099999999999997e-01   7.1499999999999980e-02 #xyz tv0
          -8.4573040000000002e-02   2.0417737999999996e-01   1.4299999999999996e-01 #xyz tv1
           0.0000000000000000e+00   1.6574999999999998e-01   7.1499999999999980e-02 #xyz tv2
           0.0000000000000000e+00   2.2099999999999997e-01   0.0000000000000000e+00 -1 35 #xyz tv3 fid bid
           0.0000000000000000e+00   2.2099999999999997e-01   7.1499999999999980e-02 #xyz tv0
           8.4573040000000002e-02   2.0417737999999996e-01   1.4299999999999996e-01 #xyz tv1
           0.0000000000000000e+00   1.6574999999999998e-01   7.1499999999999980e-02 #xyz tv2
           0.0000000000000000e+00   2.2099999999999997e-01   1.4299999999999996e-01 -1 35 #xyz tv3 fid bid
           0.0000000000000000e+00   2.2099999999999997e-01   7.1499999999999980e-02 #xyz tv0
           0.0000000000000000e+00   1.6574999999999998e-01   7.1499999999999980e-02 #xyz tv1
          -8.4573040000000002e-02   2.0417737999999996e-01   1.4299999999999996e-01 #xyz tv2
           0.0000000000000000e+00   2.2099999999999997e-01   1.4299999999999996e-01 -1 35 #xyz tv3 fid bid
           0.0000000000000000e+00   2.2099999999999997e-01   7.1499999999999980e-02 #xyz tv0
           0.0000000000000000e+00   1.6574999999999998e-01   7.1499999999999980e-02 #xyz tv1
           1.5627059999999998e-01   1.5627059999999998e-01   1.4299999999999996e-01 #xyz tv2
           0.0000000000000000e+00   2.2099999999999997e-01   0.0000000000000000e+00 -1 35 #xyz tv3 fid bid
           0.0000000000000000e+00   2.2099999999999997e-01   7.1499999999999980e-02 #xyz tv0
           1.5627059999999998e-01   1.5627059999999998e-01   1.4299999999999996e-01 #xyz tv1
           0.0000000000000000e+00   1.6574999999999998e-01   7.1499999999999980e-02 #xyz tv2
           8.4573040000000002e-02   2.0417737999999996e-01   1.4299999999999996e-01 -1 35 #xyz tv3 fid bid
           0.0000000000000000e+00   2.2099999999999997e-01   7.1499999999999980e-02 #xyz tv0
           0.0000000000000000e+00   1.6574999999999998e-01   7.1499999999999980e-02 #xyz tv1
           0.0000000000000000e+00   2.2099999999999997e-01   1.4299999999999996e-01 33 -1 #xyz tv2 fid bid
           0.0000000000000000e+00   2.2099999999999997e-01   7.1499999999999980e-02 #xyz tv0
           0.0000000000000000e+00   2.2099999999999997e-01   0.0000000000000000e+00 #xyz tv1
           0.0000000000000000e+00   1.6574999999999998e-01   7.1499999999999980e-02 33 -1 #xyz tv2 fid bid
           0.0000000000000000e+00   2.2099999999999997e-01   7.1499999999999980e-02 #xyz ev0
           0.0000000000000000e+00   1.6574999999999998e-01   7.1499999999999980e-02 -1 35 #xyz ev1 fid bid
   0   0.000000000000e+00   0.000000000000e+00   0.000000000000e+00 #flag location
END_ERR 
G3dErrFileVersion 2018P3.1
FlagFileMetaData Begin
   Mesh Size - ATK_Solution, Refinement, Pass #5, Freq. 9.000000e+08 :Title    
   Listing of mesh elements with poor quality. :ToolTip  
   hf3d :Author   
   1776508420 :TimeStamp
FlagFileMetaData End
BEGIN_ERR 
26 Small mesh segment detected on body : RadiatingSurface
 Small mesh segment detected on body : RadiatingSurface 
 Segment Statistics - Number of Segments : 1 --- Segment length(s) : 0.055250cm. The cutoff frequency for S-Matrix Only Solve is 806.279022878692kHz 
2 -1  33  # nfids, fids[]
2 35  -1  # nbids, bids[]
      5 2 1 0 #ntets ntri ned npts
          -1.5627059999999998e-01   1.5627059999999998e-01  -1.4299999999999996e-01 #xyz tv0
           0.0000000000000000e+00   1.6574999999999998e-01   7.1499999999999980e-02 #xyz tv1
           0.0000000000000000e+00   2.2099999999999997e-01   7.1499999999999980e-02 #xyz tv2
           0.0000000000000000e+00   2.2099999999999997e-01   0.0000000000000000e+00 -1 35 #xyz tv3 fid bid
           0.0000000000000000e+00   2.2099999999999997e-01   1.4299999999999996e-01 #xyz tv0
          -1.5627059999999998e-01   1.5627059999999998e-01  -1.4299999999999996e-01 #xyz tv1
           0.0000000000000000e+00   1.6574999999999998e-01   7.1499999999999980e-02 #xyz tv2
           0.0000000000000000e+00   2.2099999999999997e-01   7.1499999999999980e-02 -1 35 #xyz tv3 fid bid
           0.0000000000000000e+00   2.2099999999999997e-01   7.1499999999999980e-02 #xyz tv0
           8.4573040000000002e-02   2.0417737999999996e-01   1.4299999999999996e-01 #xyz tv1
           0.0000000000000000e+00   1.6574999999999998e-01   7.1499999999999980e-02 #xyz tv2
           0.0000000000000000e+00   2.2099999999999997e-01   1.4299999999999996e-01 -1 35 #xyz tv3 fid bid
           0.0000000000000000e+00   2.2099999999999997e-01   7.1499999999999980e-02 #xyz tv0
           0.0000000000000000e+00   1.6574999999999998e-01   7.1499999999999980e-02 #xyz tv1
           1.5627059999999998e-01   1.5627059999999998e-01   1.4299999999999996e-01 #xyz tv2
           0.0000000000000000e+00   2.2099999999999997e-01   0.0000000000000000e+00 -1 35 #xyz tv3 fid bid
           0.0000000000000000e+00   2.2099999999999997e-01   7.1499999999999980e-02 #xyz tv0
           1.5627059999999998e-01   1.5627059999999998e-01   1.4299999999999996e-01 #xyz tv1
           0.0000000000000000e+00   1.6574999999999998e-01   7.1499999999999980e-02 #xyz tv2
           8.4573040000000002e-02   2.0417737999999996e-01   1.4299999999999996e-01 -1 35 #xyz tv3 fid bid
           0.0000000000000000e+00   2.2099999999999997e-01   7.1499999999999980e-02 #xyz tv0
           0.0000000000000000e+00   1.6574999999999998e-01   7.1499999999999980e-02 #xyz tv1
           0.0000000000000000e+00   2.2099999999999997e-01   1.4299999999999996e-01 33 -1 #xyz tv2 fid bid
           0.0000000000000000e+00   2.2099999999999997e-01   7.1499999999999980e-02 #xyz tv0
           0.0000000000000000e+00   2.2099999999999997e-01   0.0000000000000000e+00 #xyz tv1
           0.0000000000000000e+00   1.6574999999999998e-01   7.1499999999999980e-02 33 -1 #xyz tv2 fid bid
           0.0000000000000000e+00   2.2099999999999997e-01   7.1499999999999980e-02 #xyz ev0
           0.0000000000000000e+00   1.6574999999999998e-01   7.1499999999999980e-02 -1 35 #xyz ev1 fid bid
   0   0.000000000000e+00   0.000000000000e+00   0.000000000000e+00 #flag location
END_ERR 
G3dErrFileVersion 2018P3.1
FlagFileMetaData Begin
   Mesh Size - ATK_Solution, Refinement, Pass #6, Freq. 9.000000e+08 :Title    
   Listing of mesh elements with poor quality. :ToolTip  
   hf3d :Author   
   1776508423 :TimeStamp
FlagFileMetaData End
BEGIN_ERR 
26 Small mesh segment detected on body : RadiatingSurface
 Small mesh segment detected on body : RadiatingSurface 
 Segment Statistics - Number of Segments : 1 --- Segment length(s) : 0.055250cm. The cutoff frequency for S-Matrix Only Solve is 806.279022878692kHz 
2 -1  33  # nfids, fids[]
2 35  -1  # nbids, bids[]
      5 2 1 0 #ntets ntri ned npts
          -1.5627059999999998e-01   1.5627059999999998e-01  -1.4299999999999996e-01 #xyz tv0
           0.0000000000000000e+00   1.6574999999999998e-01   7.1499999999999980e-02 #xyz tv1
           0.0000000000000000e+00   2.2099999999999997e-01   7.1499999999999980e-02 #xyz tv2
           0.0000000000000000e+00   2.2099999999999997e-01   0.0000000000000000e+00 -1 35 #xyz tv3 fid bid
           0.0000000000000000e+00   2.2099999999999997e-01   1.4299999999999996e-01 #xyz tv0
          -1.5627059999999998e-01   1.5627059999999998e-01  -1.4299999999999996e-01 #xyz tv1
           0.0000000000000000e+00   1.6574999999999998e-01   7.1499999999999980e-02 #xyz tv2
           0.0000000000000000e+00   2.2099999999999997e-01   7.1499999999999980e-02 -1 35 #xyz tv3 fid bid
           0.0000000000000000e+00   2.2099999999999997e-01   7.1499999999999980e-02 #xyz tv0
           8.4573040000000002e-02   2.0417737999999996e-01   1.4299999999999996e-01 #xyz tv1
           0.0000000000000000e+00   1.6574999999999998e-01   7.1499999999999980e-02 #xyz tv2
           0.0000000000000000e+00   2.2099999999999997e-01   1.4299999999999996e-01 -1 35 #xyz tv3 fid bid
           0.0000000000000000e+00   2.2099999999999997e-01   7.1499999999999980e-02 #xyz tv0
           1.5627059999999998e-01   1.5627059999999998e-01   1.4299999999999996e-01 #xyz tv1
           0.0000000000000000e+00   1.6574999999999998e-01   7.1499999999999980e-02 #xyz tv2
           8.4573040000000002e-02   2.0417737999999996e-01   1.4299999999999996e-01 -1 35 #xyz tv3 fid bid
           0.0000000000000000e+00   2.2099999999999997e-01   7.1499999999999980e-02 #xyz tv0
           0.0000000000000000e+00   1.6574999999999998e-01   7.1499999999999980e-02 #xyz tv1
           1.5627059999999998e-01   1.5627059999999998e-01   1.4299999999999996e-01 #xyz tv2
           0.0000000000000000e+00   2.2099999999999997e-01   0.0000000000000000e+00 -1 35 #xyz tv3 fid bid
           0.0000000000000000e+00   2.2099999999999997e-01   7.1499999999999980e-02 #xyz tv0
           0.0000000000000000e+00   1.6574999999999998e-01   7.1499999999999980e-02 #xyz tv1
           0.0000000000000000e+00   2.2099999999999997e-01   1.4299999999999996e-01 33 -1 #xyz tv2 fid bid
           0.0000000000000000e+00   2.2099999999999997e-01   7.1499999999999980e-02 #xyz tv0
           0.0000000000000000e+00   2.2099999999999997e-01   0.0000000000000000e+00 #xyz tv1
           0.0000000000000000e+00   1.6574999999999998e-01   7.1499999999999980e-02 33 -1 #xyz tv2 fid bid
           0.0000000000000000e+00   2.2099999999999997e-01   7.1499999999999980e-02 #xyz ev0
           0.0000000000000000e+00   1.6574999999999998e-01   7.1499999999999980e-02 -1 35 #xyz ev1 fid bid
   0   0.000000000000e+00   0.000000000000e+00   0.000000000000e+00 #flag location
END_ERR 
