G3dErrFileVersion 2018P3.1
FlagFileMetaData Begin
   Mesh Size - ATK_Solution, Refinement, Pass #1, Freq. 1.200000e+10 :Title    
   Listing of mesh elements with poor quality. :ToolTip  
   hf3d :Author   
   1776511258 :TimeStamp
FlagFileMetaData End
BEGIN_ERR 
26 Small mesh segment detected on body : port_cap
 Small mesh segment detected on body : port_cap 
 Segment Statistics - Number of Segments : 1 --- Segment length(s) : 0.003652cm. The cutoff frequency for S-Matrix Only Solve is 8.40539603440261MHz 
4 -1  80  90  100  # nfids, fids[]
2 87  -1  # nbids, bids[]
      6 6 1 0 #ntets ntri ned npts
           3.2728912750000005e-01   2.3917725000000001e-03  -6.6500000000000004e-01 #xyz tv0
           3.6099999999999993e-01   0.0000000000000000e+00  -6.8159999999999998e-01 #xyz tv1
           3.4438243999999996e-01  -8.1320225000000006e-03  -6.6500000000000004e-01 #xyz tv2
           3.3004849500000000e-01   4.7835450000000002e-03  -6.6499999999999992e-01 -1 87 #xyz tv3 fid bid
           3.5452976000000003e-01   3.2528090000000003e-02  -6.8159999999999998e-01 #xyz tv0
           3.2728912750000005e-01   2.3917725000000001e-03  -6.6500000000000004e-01 #xyz tv1
           3.3004849500000000e-01   4.7835450000000002e-03  -6.6499999999999992e-01 #xyz tv2
           3.6099999999999993e-01   0.0000000000000000e+00  -6.8159999999999998e-01 -1 87 #xyz tv3 fid bid
           3.6099999999999993e-01   0.0000000000000000e+00  -6.3101145734374975e-01 #xyz tv0
           3.2728912750000005e-01   2.3917725000000001e-03  -6.6500000000000004e-01 #xyz tv1
           3.4438243999999996e-01  -8.1320225000000006e-03  -6.6500000000000004e-01 #xyz tv2
           3.3004849500000000e-01   4.7835450000000002e-03  -6.6499999999999992e-01 -1 87 #xyz tv3 fid bid
           3.5452976000000003e-01   3.2528090000000003e-02  -6.8159999999999998e-01 #xyz tv0
           3.2246968500000001e-01   2.1837209999999999e-02  -6.6499999999999992e-01 #xyz tv1
           3.3004849500000000e-01   4.7835450000000002e-03  -6.6499999999999992e-01 #xyz tv2
           3.2728912750000005e-01   2.3917725000000001e-03  -6.6500000000000004e-01 -1 87 #xyz tv3 fid bid
           3.6099999999999993e-01   0.0000000000000000e+00  -6.3101145734374975e-01 #xyz tv0
           2.9909699000000001e-01   9.5670899999999986e-03  -6.2597364820312473e-01 #xyz tv1
           3.2728912750000005e-01   2.3917725000000001e-03  -6.6500000000000004e-01 #xyz tv2
           3.3004849500000000e-01   4.7835450000000002e-03  -6.6499999999999992e-01 -1 87 #xyz tv3 fid bid
           2.9909699000000001e-01   9.5670899999999986e-03  -6.2597364820312473e-01 #xyz tv0
           3.2246968500000001e-01   2.1837209999999999e-02  -6.6499999999999992e-01 #xyz tv1
           3.2728912750000005e-01   2.3917725000000001e-03  -6.6500000000000004e-01 #xyz tv2
           3.3004849500000000e-01   4.7835450000000002e-03  -6.6499999999999992e-01 -1 87 #xyz tv3 fid bid
           3.2246968500000001e-01   2.1837209999999999e-02  -6.6499999999999992e-01 #xyz tv0
           3.3004849500000000e-01   4.7835450000000002e-03  -6.6499999999999992e-01 #xyz tv1
           3.2728912750000005e-01   2.3917725000000001e-03  -6.6500000000000004e-01 80 -1 #xyz tv2 fid bid
           3.2246968500000001e-01   2.1837209999999999e-02  -6.6499999999999992e-01 #xyz tv0
           3.3004849500000000e-01   4.7835450000000002e-03  -6.6499999999999992e-01 #xyz tv1
           3.2728912750000005e-01   2.3917725000000001e-03  -6.6500000000000004e-01 90 -1 #xyz tv2 fid bid
           3.2246968500000001e-01   2.1837209999999999e-02  -6.6499999999999992e-01 #xyz tv0
           3.3004849500000000e-01   4.7835450000000002e-03  -6.6499999999999992e-01 #xyz tv1
           3.2728912750000005e-01   2.3917725000000001e-03  -6.6500000000000004e-01 100 -1 #xyz tv2 fid bid
           3.4438243999999996e-01  -8.1320225000000006e-03  -6.6500000000000004e-01 #xyz tv0
           3.2728912750000005e-01   2.3917725000000001e-03  -6.6500000000000004e-01 #xyz tv1
           3.3004849500000000e-01   4.7835450000000002e-03  -6.6499999999999992e-01 80 -1 #xyz tv2 fid bid
           3.4438243999999996e-01  -8.1320225000000006e-03  -6.6500000000000004e-01 #xyz tv0
           3.2728912750000005e-01   2.3917725000000001e-03  -6.6500000000000004e-01 #xyz tv1
           3.3004849500000000e-01   4.7835450000000002e-03  -6.6499999999999992e-01 90 -1 #xyz tv2 fid bid
           3.4438243999999996e-01  -8.1320225000000006e-03  -6.6500000000000004e-01 #xyz tv0
           3.2728912750000005e-01   2.3917725000000001e-03  -6.6500000000000004e-01 #xyz tv1
           3.3004849500000000e-01   4.7835450000000002e-03  -6.6499999999999992e-01 100 -1 #xyz tv2 fid bid
           3.3004849500000000e-01   4.7835450000000002e-03  -6.6499999999999992e-01 #xyz ev0
           3.2728912750000005e-01   2.3917725000000001e-03  -6.6500000000000004e-01 -1 87 #xyz ev1 fid bid
   0   0.000000000000e+00   0.000000000000e+00   0.000000000000e+00 #flag location
END_ERR 
G3dErrFileVersion 2018P3.1
FlagFileMetaData Begin
   Mesh Size - ATK_Solution, Refinement, Pass #2, Freq. 1.200000e+10 :Title    
   Listing of mesh elements with poor quality. :ToolTip  
   hf3d :Author   
   1776511260 :TimeStamp
FlagFileMetaData End
BEGIN_ERR 
26 Small mesh segment detected on body : port_cap
 Small mesh segment detected on body : port_cap 
 Segment Statistics - Number of Segments : 1 --- Segment length(s) : 0.007870cm. The cutoff frequency for S-Matrix Only Solve is 8.40539603440261MHz 
4 -1  80  90  100  # nfids, fids[]
2 87  -1  # nbids, bids[]
      5 6 1 0 #ntets ntri ned npts
           2.4340511027698863e-01   8.0353045454545455e-04  -6.7066661877130673e-01 #xyz tv0
           2.5290300999999998e-01  -9.5670899999999986e-03  -6.6500000000000004e-01 #xyz tv1
           2.5832232999999993e-01  -1.7677669999999999e-02  -6.6500000000000004e-01 #xyz tv2
           2.4559064466666664e-01  -1.2475929499999998e-02  -6.6500000000000004e-01 -1 87 #xyz tv3 fid bid
           2.5832232999999993e-01  -1.7677669999999999e-02  -6.3101145734374975e-01 #xyz tv0
           2.5290300999999998e-01  -9.5670899999999986e-03  -6.6500000000000004e-01 #xyz tv1
           2.4559064466666664e-01  -1.2475929499999998e-02  -6.6500000000000004e-01 #xyz tv2
           2.5832232999999993e-01  -1.7677669999999999e-02  -6.6500000000000004e-01 -1 87 #xyz tv3 fid bid
           2.4340511027698863e-01   8.0353045454545455e-04  -6.7066661877130673e-01 #xyz tv0
           2.5100000000000000e-01   0.0000000000000000e+00  -6.6500000000000004e-01 #xyz tv1
           2.5290300999999998e-01  -9.5670899999999986e-03  -6.6500000000000004e-01 #xyz tv2
           2.4559064466666664e-01  -1.2475929499999998e-02  -6.6500000000000004e-01 -1 87 #xyz tv3 fid bid
           2.5832232999999993e-01  -1.7677669999999999e-02  -6.3101145734374975e-01 #xyz tv0
           2.4559064466666664e-01  -1.2475929499999998e-02  -6.6500000000000004e-01 #xyz tv1
           2.5290300999999998e-01  -9.5670899999999986e-03  -6.6500000000000004e-01 #xyz tv2
           2.3924364674533422e-01  -1.3510973687174481e-02  -6.4407487249608464e-01 -1 87 #xyz tv3 fid bid
           2.3924364674533422e-01  -1.3510973687174481e-02  -6.4407487249608464e-01 #xyz tv0
           2.5100000000000000e-01   0.0000000000000000e+00  -6.6500000000000004e-01 #xyz tv1
           2.4559064466666664e-01  -1.2475929499999998e-02  -6.6500000000000004e-01 #xyz tv2
           2.5290300999999998e-01  -9.5670899999999986e-03  -6.6500000000000004e-01 -1 87 #xyz tv3 fid bid
           2.4559064466666664e-01  -1.2475929499999998e-02  -6.6500000000000004e-01 #xyz tv0
           2.5290300999999998e-01  -9.5670899999999986e-03  -6.6500000000000004e-01 #xyz tv1
           2.5832232999999993e-01  -1.7677669999999999e-02  -6.6500000000000004e-01 80 -1 #xyz tv2 fid bid
           2.4559064466666664e-01  -1.2475929499999998e-02  -6.6500000000000004e-01 #xyz tv0
           2.5290300999999998e-01  -9.5670899999999986e-03  -6.6500000000000004e-01 #xyz tv1
           2.5832232999999993e-01  -1.7677669999999999e-02  -6.6500000000000004e-01 90 -1 #xyz tv2 fid bid
           2.4559064466666664e-01  -1.2475929499999998e-02  -6.6500000000000004e-01 #xyz tv0
           2.5290300999999998e-01  -9.5670899999999986e-03  -6.6500000000000004e-01 #xyz tv1
           2.5832232999999993e-01  -1.7677669999999999e-02  -6.6500000000000004e-01 100 -1 #xyz tv2 fid bid
           2.4559064466666664e-01  -1.2475929499999998e-02  -6.6500000000000004e-01 #xyz tv0
           2.5100000000000000e-01   0.0000000000000000e+00  -6.6500000000000004e-01 #xyz tv1
           2.5290300999999998e-01  -9.5670899999999986e-03  -6.6500000000000004e-01 80 -1 #xyz tv2 fid bid
           2.4559064466666664e-01  -1.2475929499999998e-02  -6.6500000000000004e-01 #xyz tv0
           2.5100000000000000e-01   0.0000000000000000e+00  -6.6500000000000004e-01 #xyz tv1
           2.5290300999999998e-01  -9.5670899999999986e-03  -6.6500000000000004e-01 90 -1 #xyz tv2 fid bid
           2.4559064466666664e-01  -1.2475929499999998e-02  -6.6500000000000004e-01 #xyz tv0
           2.5100000000000000e-01   0.0000000000000000e+00  -6.6500000000000004e-01 #xyz tv1
           2.5290300999999998e-01  -9.5670899999999986e-03  -6.6500000000000004e-01 100 -1 #xyz tv2 fid bid
           2.4559064466666664e-01  -1.2475929499999998e-02  -6.6500000000000004e-01 #xyz ev0
           2.5290300999999998e-01  -9.5670899999999986e-03  -6.6500000000000004e-01 -1 87 #xyz ev1 fid bid
   0   0.000000000000e+00   0.000000000000e+00   0.000000000000e+00 #flag location
END_ERR 
G3dErrFileVersion 2018P3.1
FlagFileMetaData Begin
   Mesh Size - ATK_Solution, Refinement, Pass #3, Freq. 1.200000e+10 :Title    
   Listing of mesh elements with poor quality. :ToolTip  
   hf3d :Author   
   1776511263 :TimeStamp
FlagFileMetaData End
BEGIN_ERR 
26 Small mesh segment detected on body : port_cap
 Small mesh segment detected on body : port_cap 
 Segment Statistics - Number of Segments : 1 --- Segment length(s) : 0.007870cm. The cutoff frequency for S-Matrix Only Solve is 8.40539603440261MHz 
4 -1  80  90  100  # nfids, fids[]
2 87  -1  # nbids, bids[]
      5 6 1 0 #ntets ntri ned npts
           2.4340511027698863e-01   8.0353045454545455e-04  -6.7066661877130673e-01 #xyz tv0
           2.5290300999999998e-01  -9.5670899999999986e-03  -6.6500000000000004e-01 #xyz tv1
           2.5832232999999993e-01  -1.7677669999999999e-02  -6.6500000000000004e-01 #xyz tv2
           2.4559064466666664e-01  -1.2475929499999998e-02  -6.6500000000000004e-01 -1 87 #xyz tv3 fid bid
           2.5832232999999993e-01  -1.7677669999999999e-02  -6.3101145734374975e-01 #xyz tv0
           2.5290300999999998e-01  -9.5670899999999986e-03  -6.6500000000000004e-01 #xyz tv1
           2.4559064466666664e-01  -1.2475929499999998e-02  -6.6500000000000004e-01 #xyz tv2
           2.5832232999999993e-01  -1.7677669999999999e-02  -6.6500000000000004e-01 -1 87 #xyz tv3 fid bid
           2.4340511027698863e-01   8.0353045454545455e-04  -6.7066661877130673e-01 #xyz tv0
           2.5100000000000000e-01   0.0000000000000000e+00  -6.6500000000000004e-01 #xyz tv1
           2.5290300999999998e-01  -9.5670899999999986e-03  -6.6500000000000004e-01 #xyz tv2
           2.4559064466666664e-01  -1.2475929499999998e-02  -6.6500000000000004e-01 -1 87 #xyz tv3 fid bid
           2.5832232999999993e-01  -1.7677669999999999e-02  -6.3101145734374975e-01 #xyz tv0
           2.4559064466666664e-01  -1.2475929499999998e-02  -6.6500000000000004e-01 #xyz tv1
           2.5290300999999998e-01  -9.5670899999999986e-03  -6.6500000000000004e-01 #xyz tv2
           2.3924364674533422e-01  -1.3510973687174481e-02  -6.4407487249608464e-01 -1 87 #xyz tv3 fid bid
           2.3924364674533422e-01  -1.3510973687174481e-02  -6.4407487249608464e-01 #xyz tv0
           2.5100000000000000e-01   0.0000000000000000e+00  -6.6500000000000004e-01 #xyz tv1
           2.4559064466666664e-01  -1.2475929499999998e-02  -6.6500000000000004e-01 #xyz tv2
           2.5290300999999998e-01  -9.5670899999999986e-03  -6.6500000000000004e-01 -1 87 #xyz tv3 fid bid
           2.4559064466666664e-01  -1.2475929499999998e-02  -6.6500000000000004e-01 #xyz tv0
           2.5290300999999998e-01  -9.5670899999999986e-03  -6.6500000000000004e-01 #xyz tv1
           2.5832232999999993e-01  -1.7677669999999999e-02  -6.6500000000000004e-01 80 -1 #xyz tv2 fid bid
           2.4559064466666664e-01  -1.2475929499999998e-02  -6.6500000000000004e-01 #xyz tv0
           2.5290300999999998e-01  -9.5670899999999986e-03  -6.6500000000000004e-01 #xyz tv1
           2.5832232999999993e-01  -1.7677669999999999e-02  -6.6500000000000004e-01 90 -1 #xyz tv2 fid bid
           2.4559064466666664e-01  -1.2475929499999998e-02  -6.6500000000000004e-01 #xyz tv0
           2.5290300999999998e-01  -9.5670899999999986e-03  -6.6500000000000004e-01 #xyz tv1
           2.5832232999999993e-01  -1.7677669999999999e-02  -6.6500000000000004e-01 100 -1 #xyz tv2 fid bid
           2.4559064466666664e-01  -1.2475929499999998e-02  -6.6500000000000004e-01 #xyz tv0
           2.5100000000000000e-01   0.0000000000000000e+00  -6.6500000000000004e-01 #xyz tv1
           2.5290300999999998e-01  -9.5670899999999986e-03  -6.6500000000000004e-01 80 -1 #xyz tv2 fid bid
           2.4559064466666664e-01  -1.2475929499999998e-02  -6.6500000000000004e-01 #xyz tv0
           2.5100000000000000e-01   0.0000000000000000e+00  -6.6500000000000004e-01 #xyz tv1
           2.5290300999999998e-01  -9.5670899999999986e-03  -6.6500000000000004e-01 90 -1 #xyz tv2 fid bid
           2.4559064466666664e-01  -1.2475929499999998e-02  -6.6500000000000004e-01 #xyz tv0
           2.5100000000000000e-01   0.0000000000000000e+00  -6.6500000000000004e-01 #xyz tv1
           2.5290300999999998e-01  -9.5670899999999986e-03  -6.6500000000000004e-01 100 -1 #xyz tv2 fid bid
           2.4559064466666664e-01  -1.2475929499999998e-02  -6.6500000000000004e-01 #xyz ev0
           2.5290300999999998e-01  -9.5670899999999986e-03  -6.6500000000000004e-01 -1 87 #xyz ev1 fid bid
   0   0.000000000000e+00   0.000000000000e+00   0.000000000000e+00 #flag location
END_ERR 
G3dErrFileVersion 2018P3.1
FlagFileMetaData Begin
   Mesh Size - ATK_Solution, Refinement, Pass #4, Freq. 1.200000e+10 :Title    
   Listing of mesh elements with poor quality. :ToolTip  
   hf3d :Author   
   1776511266 :TimeStamp
FlagFileMetaData End
BEGIN_ERR 
26 Small mesh segment detected on body : port_cap
 Small mesh segment detected on body : port_cap 
 Segment Statistics - Number of Segments : 1 --- Segment length(s) : 0.007870cm. The cutoff frequency for S-Matrix Only Solve is 8.40539603440261MHz 
4 -1  80  90  100  # nfids, fids[]
2 87  -1  # nbids, bids[]
      5 6 1 0 #ntets ntri ned npts
           2.4340511027698863e-01   8.0353045454545455e-04  -6.7066661877130673e-01 #xyz tv0
           2.5290300999999998e-01  -9.5670899999999986e-03  -6.6500000000000004e-01 #xyz tv1
           2.5832232999999993e-01  -1.7677669999999999e-02  -6.6500000000000004e-01 #xyz tv2
           2.4559064466666664e-01  -1.2475929499999998e-02  -6.6500000000000004e-01 -1 87 #xyz tv3 fid bid
           2.5832232999999993e-01  -1.7677669999999999e-02  -6.3101145734374975e-01 #xyz tv0
           2.5290300999999998e-01  -9.5670899999999986e-03  -6.6500000000000004e-01 #xyz tv1
           2.4559064466666664e-01  -1.2475929499999998e-02  -6.6500000000000004e-01 #xyz tv2
           2.5832232999999993e-01  -1.7677669999999999e-02  -6.6500000000000004e-01 -1 87 #xyz tv3 fid bid
           2.4340511027698863e-01   8.0353045454545455e-04  -6.7066661877130673e-01 #xyz tv0
           2.5100000000000000e-01   0.0000000000000000e+00  -6.6500000000000004e-01 #xyz tv1
           2.5290300999999998e-01  -9.5670899999999986e-03  -6.6500000000000004e-01 #xyz tv2
           2.4559064466666664e-01  -1.2475929499999998e-02  -6.6500000000000004e-01 -1 87 #xyz tv3 fid bid
           2.5832232999999993e-01  -1.7677669999999999e-02  -6.3101145734374975e-01 #xyz tv0
           2.4559064466666664e-01  -1.2475929499999998e-02  -6.6500000000000004e-01 #xyz tv1
           2.5290300999999998e-01  -9.5670899999999986e-03  -6.6500000000000004e-01 #xyz tv2
           2.3924364674533422e-01  -1.3510973687174481e-02  -6.4407487249608464e-01 -1 87 #xyz tv3 fid bid
           2.3924364674533422e-01  -1.3510973687174481e-02  -6.4407487249608464e-01 #xyz tv0
           2.5100000000000000e-01   0.0000000000000000e+00  -6.6500000000000004e-01 #xyz tv1
           2.4559064466666664e-01  -1.2475929499999998e-02  -6.6500000000000004e-01 #xyz tv2
           2.5290300999999998e-01  -9.5670899999999986e-03  -6.6500000000000004e-01 -1 87 #xyz tv3 fid bid
           2.4559064466666664e-01  -1.2475929499999998e-02  -6.6500000000000004e-01 #xyz tv0
           2.5290300999999998e-01  -9.5670899999999986e-03  -6.6500000000000004e-01 #xyz tv1
           2.5832232999999993e-01  -1.7677669999999999e-02  -6.6500000000000004e-01 80 -1 #xyz tv2 fid bid
           2.4559064466666664e-01  -1.2475929499999998e-02  -6.6500000000000004e-01 #xyz tv0
           2.5290300999999998e-01  -9.5670899999999986e-03  -6.6500000000000004e-01 #xyz tv1
           2.5832232999999993e-01  -1.7677669999999999e-02  -6.6500000000000004e-01 90 -1 #xyz tv2 fid bid
           2.4559064466666664e-01  -1.2475929499999998e-02  -6.6500000000000004e-01 #xyz tv0
           2.5290300999999998e-01  -9.5670899999999986e-03  -6.6500000000000004e-01 #xyz tv1
           2.5832232999999993e-01  -1.7677669999999999e-02  -6.6500000000000004e-01 100 -1 #xyz tv2 fid bid
           2.4559064466666664e-01  -1.2475929499999998e-02  -6.6500000000000004e-01 #xyz tv0
           2.5100000000000000e-01   0.0000000000000000e+00  -6.6500000000000004e-01 #xyz tv1
           2.5290300999999998e-01  -9.5670899999999986e-03  -6.6500000000000004e-01 80 -1 #xyz tv2 fid bid
           2.4559064466666664e-01  -1.2475929499999998e-02  -6.6500000000000004e-01 #xyz tv0
           2.5100000000000000e-01   0.0000000000000000e+00  -6.6500000000000004e-01 #xyz tv1
           2.5290300999999998e-01  -9.5670899999999986e-03  -6.6500000000000004e-01 90 -1 #xyz tv2 fid bid
           2.4559064466666664e-01  -1.2475929499999998e-02  -6.6500000000000004e-01 #xyz tv0
           2.5100000000000000e-01   0.0000000000000000e+00  -6.6500000000000004e-01 #xyz tv1
           2.5290300999999998e-01  -9.5670899999999986e-03  -6.6500000000000004e-01 100 -1 #xyz tv2 fid bid
           2.4559064466666664e-01  -1.2475929499999998e-02  -6.6500000000000004e-01 #xyz ev0
           2.5290300999999998e-01  -9.5670899999999986e-03  -6.6500000000000004e-01 -1 87 #xyz ev1 fid bid
   0   0.000000000000e+00   0.000000000000e+00   0.000000000000e+00 #flag location
END_ERR 
G3dErrFileVersion 2018P3.1
FlagFileMetaData Begin
   Mesh Size - ATK_Solution, Refinement, Pass #5, Freq. 1.200000e+10 :Title    
   Listing of mesh elements with poor quality. :ToolTip  
   hf3d :Author   
   1776511269 :TimeStamp
FlagFileMetaData End
BEGIN_ERR 
26 Small mesh segment detected on body : port_cap
 Small mesh segment detected on body : port_cap 
 Segment Statistics - Number of Segments : 1 --- Segment length(s) : 0.007870cm. The cutoff frequency for S-Matrix Only Solve is 8.40539603440261MHz 
4 -1  80  90  100  # nfids, fids[]
2 87  -1  # nbids, bids[]
      5 6 1 0 #ntets ntri ned npts
           2.4340511027698863e-01   8.0353045454545455e-04  -6.7066661877130673e-01 #xyz tv0
           2.5290300999999998e-01  -9.5670899999999986e-03  -6.6500000000000004e-01 #xyz tv1
           2.5832232999999993e-01  -1.7677669999999999e-02  -6.6500000000000004e-01 #xyz tv2
           2.4559064466666664e-01  -1.2475929499999998e-02  -6.6500000000000004e-01 -1 87 #xyz tv3 fid bid
           2.5832232999999993e-01  -1.7677669999999999e-02  -6.3101145734374975e-01 #xyz tv0
           2.5290300999999998e-01  -9.5670899999999986e-03  -6.6500000000000004e-01 #xyz tv1
           2.4559064466666664e-01  -1.2475929499999998e-02  -6.6500000000000004e-01 #xyz tv2
           2.5832232999999993e-01  -1.7677669999999999e-02  -6.6500000000000004e-01 -1 87 #xyz tv3 fid bid
           2.4340511027698863e-01   8.0353045454545455e-04  -6.7066661877130673e-01 #xyz tv0
           2.5100000000000000e-01   0.0000000000000000e+00  -6.6500000000000004e-01 #xyz tv1
           2.5290300999999998e-01  -9.5670899999999986e-03  -6.6500000000000004e-01 #xyz tv2
           2.4559064466666664e-01  -1.2475929499999998e-02  -6.6500000000000004e-01 -1 87 #xyz tv3 fid bid
           2.5832232999999993e-01  -1.7677669999999999e-02  -6.3101145734374975e-01 #xyz tv0
           2.4559064466666664e-01  -1.2475929499999998e-02  -6.6500000000000004e-01 #xyz tv1
           2.5290300999999998e-01  -9.5670899999999986e-03  -6.6500000000000004e-01 #xyz tv2
           2.3924364674533422e-01  -1.3510973687174481e-02  -6.4407487249608464e-01 -1 87 #xyz tv3 fid bid
           2.3924364674533422e-01  -1.3510973687174481e-02  -6.4407487249608464e-01 #xyz tv0
           2.5100000000000000e-01   0.0000000000000000e+00  -6.6500000000000004e-01 #xyz tv1
           2.4559064466666664e-01  -1.2475929499999998e-02  -6.6500000000000004e-01 #xyz tv2
           2.5290300999999998e-01  -9.5670899999999986e-03  -6.6500000000000004e-01 -1 87 #xyz tv3 fid bid
           2.4559064466666664e-01  -1.2475929499999998e-02  -6.6500000000000004e-01 #xyz tv0
           2.5290300999999998e-01  -9.5670899999999986e-03  -6.6500000000000004e-01 #xyz tv1
           2.5832232999999993e-01  -1.7677669999999999e-02  -6.6500000000000004e-01 80 -1 #xyz tv2 fid bid
           2.4559064466666664e-01  -1.2475929499999998e-02  -6.6500000000000004e-01 #xyz tv0
           2.5290300999999998e-01  -9.5670899999999986e-03  -6.6500000000000004e-01 #xyz tv1
           2.5832232999999993e-01  -1.7677669999999999e-02  -6.6500000000000004e-01 90 -1 #xyz tv2 fid bid
           2.4559064466666664e-01  -1.2475929499999998e-02  -6.6500000000000004e-01 #xyz tv0
           2.5290300999999998e-01  -9.5670899999999986e-03  -6.6500000000000004e-01 #xyz tv1
           2.5832232999999993e-01  -1.7677669999999999e-02  -6.6500000000000004e-01 100 -1 #xyz tv2 fid bid
           2.4559064466666664e-01  -1.2475929499999998e-02  -6.6500000000000004e-01 #xyz tv0
           2.5100000000000000e-01   0.0000000000000000e+00  -6.6500000000000004e-01 #xyz tv1
           2.5290300999999998e-01  -9.5670899999999986e-03  -6.6500000000000004e-01 80 -1 #xyz tv2 fid bid
           2.4559064466666664e-01  -1.2475929499999998e-02  -6.6500000000000004e-01 #xyz tv0
           2.5100000000000000e-01   0.0000000000000000e+00  -6.6500000000000004e-01 #xyz tv1
           2.5290300999999998e-01  -9.5670899999999986e-03  -6.6500000000000004e-01 90 -1 #xyz tv2 fid bid
           2.4559064466666664e-01  -1.2475929499999998e-02  -6.6500000000000004e-01 #xyz tv0
           2.5100000000000000e-01   0.0000000000000000e+00  -6.6500000000000004e-01 #xyz tv1
           2.5290300999999998e-01  -9.5670899999999986e-03  -6.6500000000000004e-01 100 -1 #xyz tv2 fid bid
           2.4559064466666664e-01  -1.2475929499999998e-02  -6.6500000000000004e-01 #xyz ev0
           2.5290300999999998e-01  -9.5670899999999986e-03  -6.6500000000000004e-01 -1 87 #xyz ev1 fid bid
   0   0.000000000000e+00   0.000000000000e+00   0.000000000000e+00 #flag location
END_ERR 
G3dErrFileVersion 2018P3.1
FlagFileMetaData Begin
   Mesh Size - ATK_Solution, Refinement, Pass #6, Freq. 1.200000e+10 :Title    
   Listing of mesh elements with poor quality. :ToolTip  
   hf3d :Author   
   1776511271 :TimeStamp
FlagFileMetaData End
BEGIN_ERR 
26 Small mesh segment detected on body : port_cap
 Small mesh segment detected on body : port_cap 
 Segment Statistics - Number of Segments : 1 --- Segment length(s) : 0.007870cm. The cutoff frequency for S-Matrix Only Solve is 8.40539603440261MHz 
4 -1  80  90  100  # nfids, fids[]
2 87  -1  # nbids, bids[]
      5 6 1 0 #ntets ntri ned npts
           2.4340511027698863e-01   8.0353045454545455e-04  -6.7066661877130673e-01 #xyz tv0
           2.5290300999999998e-01  -9.5670899999999986e-03  -6.6500000000000004e-01 #xyz tv1
           2.5832232999999993e-01  -1.7677669999999999e-02  -6.6500000000000004e-01 #xyz tv2
           2.4559064466666664e-01  -1.2475929499999998e-02  -6.6500000000000004e-01 -1 87 #xyz tv3 fid bid
           2.5832232999999993e-01  -1.7677669999999999e-02  -6.3101145734374975e-01 #xyz tv0
           2.5290300999999998e-01  -9.5670899999999986e-03  -6.6500000000000004e-01 #xyz tv1
           2.4559064466666664e-01  -1.2475929499999998e-02  -6.6500000000000004e-01 #xyz tv2
           2.5832232999999993e-01  -1.7677669999999999e-02  -6.6500000000000004e-01 -1 87 #xyz tv3 fid bid
           2.4340511027698863e-01   8.0353045454545455e-04  -6.7066661877130673e-01 #xyz tv0
           2.5100000000000000e-01   0.0000000000000000e+00  -6.6500000000000004e-01 #xyz tv1
           2.5290300999999998e-01  -9.5670899999999986e-03  -6.6500000000000004e-01 #xyz tv2
           2.4559064466666664e-01  -1.2475929499999998e-02  -6.6500000000000004e-01 -1 87 #xyz tv3 fid bid
           2.5832232999999993e-01  -1.7677669999999999e-02  -6.3101145734374975e-01 #xyz tv0
           2.4559064466666664e-01  -1.2475929499999998e-02  -6.6500000000000004e-01 #xyz tv1
           2.5290300999999998e-01  -9.5670899999999986e-03  -6.6500000000000004e-01 #xyz tv2
           2.3531542754409532e-01  -1.1135158334167894e-02  -6.4844377942577225e-01 -1 87 #xyz tv3 fid bid
           2.3531542754409532e-01  -1.1135158334167894e-02  -6.4844377942577225e-01 #xyz tv0
           2.5100000000000000e-01   0.0000000000000000e+00  -6.6500000000000004e-01 #xyz tv1
           2.4559064466666664e-01  -1.2475929499999998e-02  -6.6500000000000004e-01 #xyz tv2
           2.5290300999999998e-01  -9.5670899999999986e-03  -6.6500000000000004e-01 -1 87 #xyz tv3 fid bid
           2.4559064466666664e-01  -1.2475929499999998e-02  -6.6500000000000004e-01 #xyz tv0
           2.5290300999999998e-01  -9.5670899999999986e-03  -6.6500000000000004e-01 #xyz tv1
           2.5832232999999993e-01  -1.7677669999999999e-02  -6.6500000000000004e-01 80 -1 #xyz tv2 fid bid
           2.4559064466666664e-01  -1.2475929499999998e-02  -6.6500000000000004e-01 #xyz tv0
           2.5290300999999998e-01  -9.5670899999999986e-03  -6.6500000000000004e-01 #xyz tv1
           2.5832232999999993e-01  -1.7677669999999999e-02  -6.6500000000000004e-01 90 -1 #xyz tv2 fid bid
           2.4559064466666664e-01  -1.2475929499999998e-02  -6.6500000000000004e-01 #xyz tv0
           2.5290300999999998e-01  -9.5670899999999986e-03  -6.6500000000000004e-01 #xyz tv1
           2.5832232999999993e-01  -1.7677669999999999e-02  -6.6500000000000004e-01 100 -1 #xyz tv2 fid bid
           2.4559064466666664e-01  -1.2475929499999998e-02  -6.6500000000000004e-01 #xyz tv0
           2.5100000000000000e-01   0.0000000000000000e+00  -6.6500000000000004e-01 #xyz tv1
           2.5290300999999998e-01  -9.5670899999999986e-03  -6.6500000000000004e-01 80 -1 #xyz tv2 fid bid
           2.4559064466666664e-01  -1.2475929499999998e-02  -6.6500000000000004e-01 #xyz tv0
           2.5100000000000000e-01   0.0000000000000000e+00  -6.6500000000000004e-01 #xyz tv1
           2.5290300999999998e-01  -9.5670899999999986e-03  -6.6500000000000004e-01 90 -1 #xyz tv2 fid bid
           2.4559064466666664e-01  -1.2475929499999998e-02  -6.6500000000000004e-01 #xyz tv0
           2.5100000000000000e-01   0.0000000000000000e+00  -6.6500000000000004e-01 #xyz tv1
           2.5290300999999998e-01  -9.5670899999999986e-03  -6.6500000000000004e-01 100 -1 #xyz tv2 fid bid
           2.4559064466666664e-01  -1.2475929499999998e-02  -6.6500000000000004e-01 #xyz ev0
           2.5290300999999998e-01  -9.5670899999999986e-03  -6.6500000000000004e-01 -1 87 #xyz ev1 fid bid
   0   0.000000000000e+00   0.000000000000e+00   0.000000000000e+00 #flag location
END_ERR 
G3dErrFileVersion 2018P3.1
FlagFileMetaData Begin
   Mesh Size - ATK_Solution, Refinement, Pass #7, Freq. 1.200000e+10 :Title    
   Listing of mesh elements with poor quality. :ToolTip  
   hf3d :Author   
   1776511274 :TimeStamp
FlagFileMetaData End
BEGIN_ERR 
26 Small mesh segment detected on body : port_cap
 Small mesh segment detected on body : port_cap 
 Segment Statistics - Number of Segments : 1 --- Segment length(s) : 0.007870cm. The cutoff frequency for S-Matrix Only Solve is 8.40539603440261MHz 
4 -1  80  90  100  # nfids, fids[]
2 87  -1  # nbids, bids[]
      5 6 1 0 #ntets ntri ned npts
           2.4340511027698863e-01   8.0353045454545455e-04  -6.7066661877130673e-01 #xyz tv0
           2.5290300999999998e-01  -9.5670899999999986e-03  -6.6500000000000004e-01 #xyz tv1
           2.5832232999999993e-01  -1.7677669999999999e-02  -6.6500000000000004e-01 #xyz tv2
           2.4559064466666664e-01  -1.2475929499999998e-02  -6.6500000000000004e-01 -1 87 #xyz tv3 fid bid
           2.5832232999999993e-01  -1.7677669999999999e-02  -6.3101145734374975e-01 #xyz tv0
           2.5290300999999998e-01  -9.5670899999999986e-03  -6.6500000000000004e-01 #xyz tv1
           2.4559064466666664e-01  -1.2475929499999998e-02  -6.6500000000000004e-01 #xyz tv2
           2.5832232999999993e-01  -1.7677669999999999e-02  -6.6500000000000004e-01 -1 87 #xyz tv3 fid bid
           2.4340511027698863e-01   8.0353045454545455e-04  -6.7066661877130673e-01 #xyz tv0
           2.5100000000000000e-01   0.0000000000000000e+00  -6.6500000000000004e-01 #xyz tv1
           2.5290300999999998e-01  -9.5670899999999986e-03  -6.6500000000000004e-01 #xyz tv2
           2.4559064466666664e-01  -1.2475929499999998e-02  -6.6500000000000004e-01 -1 87 #xyz tv3 fid bid
           2.5832232999999993e-01  -1.7677669999999999e-02  -6.3101145734374975e-01 #xyz tv0
           2.4559064466666664e-01  -1.2475929499999998e-02  -6.6500000000000004e-01 #xyz tv1
           2.5290300999999998e-01  -9.5670899999999986e-03  -6.6500000000000004e-01 #xyz tv2
           2.3506968890734220e-01  -1.0893194995977507e-02  -6.4884767766830354e-01 -1 87 #xyz tv3 fid bid
           2.3506968890734220e-01  -1.0893194995977507e-02  -6.4884767766830354e-01 #xyz tv0
           2.5100000000000000e-01   0.0000000000000000e+00  -6.6500000000000004e-01 #xyz tv1
           2.4559064466666664e-01  -1.2475929499999998e-02  -6.6500000000000004e-01 #xyz tv2
           2.5290300999999998e-01  -9.5670899999999986e-03  -6.6500000000000004e-01 -1 87 #xyz tv3 fid bid
           2.4559064466666664e-01  -1.2475929499999998e-02  -6.6500000000000004e-01 #xyz tv0
           2.5290300999999998e-01  -9.5670899999999986e-03  -6.6500000000000004e-01 #xyz tv1
           2.5832232999999993e-01  -1.7677669999999999e-02  -6.6500000000000004e-01 80 -1 #xyz tv2 fid bid
           2.4559064466666664e-01  -1.2475929499999998e-02  -6.6500000000000004e-01 #xyz tv0
           2.5290300999999998e-01  -9.5670899999999986e-03  -6.6500000000000004e-01 #xyz tv1
           2.5832232999999993e-01  -1.7677669999999999e-02  -6.6500000000000004e-01 90 -1 #xyz tv2 fid bid
           2.4559064466666664e-01  -1.2475929499999998e-02  -6.6500000000000004e-01 #xyz tv0
           2.5290300999999998e-01  -9.5670899999999986e-03  -6.6500000000000004e-01 #xyz tv1
           2.5832232999999993e-01  -1.7677669999999999e-02  -6.6500000000000004e-01 100 -1 #xyz tv2 fid bid
           2.4559064466666664e-01  -1.2475929499999998e-02  -6.6500000000000004e-01 #xyz tv0
           2.5100000000000000e-01   0.0000000000000000e+00  -6.6500000000000004e-01 #xyz tv1
           2.5290300999999998e-01  -9.5670899999999986e-03  -6.6500000000000004e-01 80 -1 #xyz tv2 fid bid
           2.4559064466666664e-01  -1.2475929499999998e-02  -6.6500000000000004e-01 #xyz tv0
           2.5100000000000000e-01   0.0000000000000000e+00  -6.6500000000000004e-01 #xyz tv1
           2.5290300999999998e-01  -9.5670899999999986e-03  -6.6500000000000004e-01 90 -1 #xyz tv2 fid bid
           2.4559064466666664e-01  -1.2475929499999998e-02  -6.6500000000000004e-01 #xyz tv0
           2.5100000000000000e-01   0.0000000000000000e+00  -6.6500000000000004e-01 #xyz tv1
           2.5290300999999998e-01  -9.5670899999999986e-03  -6.6500000000000004e-01 100 -1 #xyz tv2 fid bid
           2.4559064466666664e-01  -1.2475929499999998e-02  -6.6500000000000004e-01 #xyz ev0
           2.5290300999999998e-01  -9.5670899999999986e-03  -6.6500000000000004e-01 -1 87 #xyz ev1 fid bid
   0   0.000000000000e+00   0.000000000000e+00   0.000000000000e+00 #flag location
END_ERR 
BEGIN_ERR 
26 Small mesh segment detected on body : port_cap
 Small mesh segment detected on body : port_cap 
 Segment Statistics - Number of Segments : 1 --- Segment length(s) : 0.009510cm. The cutoff frequency for S-Matrix Only Solve is 8.40539603440261MHz 
1 -1  # nfids, fids[]
1 87  # nbids, bids[]
      6 0 1 0 #ntets ntri ned npts
           2.4340511027698863e-01   8.0353045454545455e-04  -6.7066661877130673e-01 #xyz tv0
           2.5290300999999998e-01  -9.5670899999999986e-03  -6.6500000000000004e-01 #xyz tv1
           2.5100000000000000e-01   0.0000000000000000e+00  -6.6500000000000004e-01 #xyz tv2
           2.7499791593749995e-01   0.0000000000000000e+00  -6.8159999999999998e-01 -1 87 #xyz tv3 fid bid
           2.4340511027698863e-01   8.0353045454545455e-04  -6.7066661877130673e-01 #xyz tv0
           2.5100000000000000e-01   0.0000000000000000e+00  -6.6500000000000004e-01 #xyz tv1
           2.5290300999999998e-01  -9.5670899999999986e-03  -6.6500000000000004e-01 #xyz tv2
           2.4559064466666664e-01  -1.2475929499999998e-02  -6.6500000000000004e-01 -1 87 #xyz tv3 fid bid
           2.7499791593749995e-01   0.0000000000000000e+00  -6.8159999999999998e-01 #xyz tv0
           2.5290300999999998e-01   9.5670899999999986e-03  -6.6500000000000004e-01 #xyz tv1
           2.5100000000000000e-01   0.0000000000000000e+00  -6.6500000000000004e-01 #xyz tv2
           2.4340511027698863e-01   8.0353045454545455e-04  -6.7066661877130673e-01 -1 87 #xyz tv3 fid bid
           2.5100000000000000e-01   0.0000000000000000e+00  -6.6500000000000004e-01 #xyz tv0
           2.4559064466666664e-01  -1.2475929499999998e-02  -6.6500000000000004e-01 #xyz tv1
           2.4340511027698863e-01   8.0353045454545455e-04  -6.7066661877130673e-01 #xyz tv2
           2.3049816125000003e-01  -7.6536699999999996e-03  -6.6500000000000004e-01 -1 87 #xyz tv3 fid bid
           2.4340511027698863e-01   8.0353045454545455e-04  -6.7066661877130673e-01 #xyz tv0
           2.5100000000000000e-01   0.0000000000000000e+00  -6.6500000000000004e-01 #xyz tv1
           2.3809331249999999e-01   1.0523794999999999e-02  -6.6499999999999992e-01 #xyz tv2
           2.5290300999999998e-01   9.5670899999999986e-03  -6.6500000000000004e-01 -1 87 #xyz tv3 fid bid
           2.4340511027698863e-01   8.0353045454545455e-04  -6.7066661877130673e-01 #xyz tv0
           2.3809331249999999e-01   1.0523794999999999e-02  -6.6499999999999992e-01 #xyz tv1
           2.5100000000000000e-01   0.0000000000000000e+00  -6.6500000000000004e-01 #xyz tv2
           2.3049816125000003e-01  -7.6536699999999996e-03  -6.6500000000000004e-01 -1 87 #xyz tv3 fid bid
           2.5100000000000000e-01   0.0000000000000000e+00  -6.6500000000000004e-01 #xyz ev0
           2.4340511027698863e-01   8.0353045454545455e-04  -6.7066661877130673e-01 -1 87 #xyz ev1 fid bid
   0   0.000000000000e+00   0.000000000000e+00   0.000000000000e+00 #flag location
END_ERR 
G3dErrFileVersion 2018P3.1
FlagFileMetaData Begin
   Mesh Size - ATK_Solution, Refinement, Pass #8, Freq. 1.200000e+10 :Title    
   Listing of mesh elements with poor quality. :ToolTip  
   hf3d :Author   
   1776511277 :TimeStamp
FlagFileMetaData End
BEGIN_ERR 
26 Small mesh segment detected on body : port_cap
 Small mesh segment detected on body : port_cap 
 Segment Statistics - Number of Segments : 1 --- Segment length(s) : 0.007870cm. The cutoff frequency for S-Matrix Only Solve is 8.40539603440261MHz 
4 -1  80  90  100  # nfids, fids[]
2 87  -1  # nbids, bids[]
      5 6 1 0 #ntets ntri ned npts
           2.4340511027698863e-01   8.0353045454545455e-04  -6.7066661877130673e-01 #xyz tv0
           2.5290300999999998e-01  -9.5670899999999986e-03  -6.6500000000000004e-01 #xyz tv1
           2.5832232999999993e-01  -1.7677669999999999e-02  -6.6500000000000004e-01 #xyz tv2
           2.4559064466666664e-01  -1.2475929499999998e-02  -6.6500000000000004e-01 -1 87 #xyz tv3 fid bid
           2.5832232999999993e-01  -1.7677669999999999e-02  -6.3101145734374975e-01 #xyz tv0
           2.5290300999999998e-01  -9.5670899999999986e-03  -6.6500000000000004e-01 #xyz tv1
           2.4559064466666664e-01  -1.2475929499999998e-02  -6.6500000000000004e-01 #xyz tv2
           2.5832232999999993e-01  -1.7677669999999999e-02  -6.6500000000000004e-01 -1 87 #xyz tv3 fid bid
           2.4340511027698863e-01   8.0353045454545455e-04  -6.7066661877130673e-01 #xyz tv0
           2.5100000000000000e-01   0.0000000000000000e+00  -6.6500000000000004e-01 #xyz tv1
           2.5290300999999998e-01  -9.5670899999999986e-03  -6.6500000000000004e-01 #xyz tv2
           2.4559064466666664e-01  -1.2475929499999998e-02  -6.6500000000000004e-01 -1 87 #xyz tv3 fid bid
           2.5832232999999993e-01  -1.7677669999999999e-02  -6.3101145734374975e-01 #xyz tv0
           2.4559064466666664e-01  -1.2475929499999998e-02  -6.6500000000000004e-01 #xyz tv1
           2.5290300999999998e-01  -9.5670899999999986e-03  -6.6500000000000004e-01 #xyz tv2
           2.3489729034031964e-01  -1.0236473771818763e-02  -6.4931149367721952e-01 -1 87 #xyz tv3 fid bid
           2.3489729034031964e-01  -1.0236473771818763e-02  -6.4931149367721952e-01 #xyz tv0
           2.5100000000000000e-01   0.0000000000000000e+00  -6.6500000000000004e-01 #xyz tv1
           2.4559064466666664e-01  -1.2475929499999998e-02  -6.6500000000000004e-01 #xyz tv2
           2.5290300999999998e-01  -9.5670899999999986e-03  -6.6500000000000004e-01 -1 87 #xyz tv3 fid bid
           2.4559064466666664e-01  -1.2475929499999998e-02  -6.6500000000000004e-01 #xyz tv0
           2.5290300999999998e-01  -9.5670899999999986e-03  -6.6500000000000004e-01 #xyz tv1
           2.5832232999999993e-01  -1.7677669999999999e-02  -6.6500000000000004e-01 80 -1 #xyz tv2 fid bid
           2.4559064466666664e-01  -1.2475929499999998e-02  -6.6500000000000004e-01 #xyz tv0
           2.5290300999999998e-01  -9.5670899999999986e-03  -6.6500000000000004e-01 #xyz tv1
           2.5832232999999993e-01  -1.7677669999999999e-02  -6.6500000000000004e-01 90 -1 #xyz tv2 fid bid
           2.4559064466666664e-01  -1.2475929499999998e-02  -6.6500000000000004e-01 #xyz tv0
           2.5290300999999998e-01  -9.5670899999999986e-03  -6.6500000000000004e-01 #xyz tv1
           2.5832232999999993e-01  -1.7677669999999999e-02  -6.6500000000000004e-01 100 -1 #xyz tv2 fid bid
           2.4559064466666664e-01  -1.2475929499999998e-02  -6.6500000000000004e-01 #xyz tv0
           2.5100000000000000e-01   0.0000000000000000e+00  -6.6500000000000004e-01 #xyz tv1
           2.5290300999999998e-01  -9.5670899999999986e-03  -6.6500000000000004e-01 80 -1 #xyz tv2 fid bid
           2.4559064466666664e-01  -1.2475929499999998e-02  -6.6500000000000004e-01 #xyz tv0
           2.5100000000000000e-01   0.0000000000000000e+00  -6.6500000000000004e-01 #xyz tv1
           2.5290300999999998e-01  -9.5670899999999986e-03  -6.6500000000000004e-01 90 -1 #xyz tv2 fid bid
           2.4559064466666664e-01  -1.2475929499999998e-02  -6.6500000000000004e-01 #xyz tv0
           2.5100000000000000e-01   0.0000000000000000e+00  -6.6500000000000004e-01 #xyz tv1
           2.5290300999999998e-01  -9.5670899999999986e-03  -6.6500000000000004e-01 100 -1 #xyz tv2 fid bid
           2.4559064466666664e-01  -1.2475929499999998e-02  -6.6500000000000004e-01 #xyz ev0
           2.5290300999999998e-01  -9.5670899999999986e-03  -6.6500000000000004e-01 -1 87 #xyz ev1 fid bid
