G3dErrFileVersion 2018P3.1
FlagFileMetaData Begin
   Mesh Size - ATK_Solution, Refinement, Pass #1, Freq. 9.000000e+08 :Title    
   Listing of mesh elements with poor quality. :ToolTip  
   hf3d :Author   
   1776508340 :TimeStamp
FlagFileMetaData End
BEGIN_ERR 
26 Small mesh segment detected on body : RadiatingSurface
 Small mesh segment detected on body : RadiatingSurface 
 Segment Statistics - Number of Segments : 1 --- Segment length(s) : 0.041076cm. The cutoff frequency for S-Matrix Only Solve is 804.807166597354kHz 
2 -1  7  # nfids, fids[]
2 35  -1  # nbids, bids[]
      4 2 1 0 #ntets ntri ned npts
           0.0000000000000000e+00  -1.9300000000000000e-01   7.5140000000000002e+00 #xyz tv0
           5.5246914435746735e-03  -1.2091873897809848e+00   8.0990763948418234e+00 #xyz tv1
          -7.3857900000000004e-02  -1.7830874999999999e-01   7.4729236561076746e+00 #xyz tv2
          -7.3857900000000004e-02  -1.7830874999999999e-01   7.5140000000000002e+00 -1 35 #xyz tv3 fid bid
          -7.3857900000000004e-02  -1.7830874999999999e-01   7.4729236561076746e+00 #xyz tv0
          -1.3647160999999999e-01  -1.3647160999999999e-01   7.5140000000000002e+00 #xyz tv1
          -7.3857900000000004e-02  -1.7830874999999999e-01   7.5140000000000002e+00 #xyz tv2
           5.5246914435746735e-03  -1.2091873897809848e+00   8.0990763948418234e+00 -1 35 #xyz tv3 fid bid
           1.7830874999999999e-01  -7.3857900000000004e-02   7.3339999999999987e+00 #xyz tv0
           0.0000000000000000e+00  -1.9300000000000000e-01   7.5140000000000002e+00 #xyz tv1
          -7.3857900000000004e-02  -1.7830874999999999e-01   7.4729236561076746e+00 #xyz tv2
          -7.3857900000000004e-02  -1.7830874999999999e-01   7.5140000000000002e+00 -1 35 #xyz tv3 fid bid
          -1.3647160999999999e-01  -1.3647160999999999e-01   7.5140000000000002e+00 #xyz tv0
           1.7830874999999999e-01  -7.3857900000000004e-02   7.3339999999999987e+00 #xyz tv1
          -7.3857900000000004e-02  -1.7830874999999999e-01   7.4729236561076746e+00 #xyz tv2
          -7.3857900000000004e-02  -1.7830874999999999e-01   7.5140000000000002e+00 -1 35 #xyz tv3 fid bid
          -7.3857900000000004e-02  -1.7830874999999999e-01   7.4729236561076746e+00 #xyz tv0
          -7.3857900000000004e-02  -1.7830874999999999e-01   7.5140000000000002e+00 #xyz tv1
          -1.3647160999999999e-01  -1.3647160999999999e-01   7.5140000000000002e+00 7 -1 #xyz tv2 fid bid
          -7.3857900000000004e-02  -1.7830874999999999e-01   7.4729236561076746e+00 #xyz tv0
           0.0000000000000000e+00  -1.9300000000000000e-01   7.5140000000000002e+00 #xyz tv1
          -7.3857900000000004e-02  -1.7830874999999999e-01   7.5140000000000002e+00 7 -1 #xyz tv2 fid bid
          -7.3857900000000004e-02  -1.7830874999999999e-01   7.4729236561076746e+00 #xyz ev0
          -7.3857900000000004e-02  -1.7830874999999999e-01   7.5140000000000002e+00 -1 35 #xyz ev1 fid bid
   0   0.000000000000e+00   0.000000000000e+00   0.000000000000e+00 #flag location
END_ERR 
G3dErrFileVersion 2018P3.1
FlagFileMetaData Begin
   Mesh Size - ATK_Solution, Refinement, Pass #2, Freq. 9.000000e+08 :Title    
   Listing of mesh elements with poor quality. :ToolTip  
   hf3d :Author   
   1776508342 :TimeStamp
FlagFileMetaData End
BEGIN_ERR 
26 Small mesh segment detected on body : RadiatingSurface
 Small mesh segment detected on body : RadiatingSurface 
 Segment Statistics - Number of Segments : 1 --- Segment length(s) : 0.041076cm. The cutoff frequency for S-Matrix Only Solve is 804.807166597354kHz 
2 -1  7  # nfids, fids[]
2 35  -1  # nbids, bids[]
      5 2 1 0 #ntets ntri ned npts
          -7.3857900000000004e-02  -1.7830874999999999e-01   7.4729236561076746e+00 #xyz tv0
          -3.8323765427821266e-01  -6.0459369489049242e-01   7.9095381974209111e+00 #xyz tv1
          -7.3857900000000004e-02  -1.7830874999999999e-01   7.5140000000000002e+00 #xyz tv2
           6.7622319873467118e-02  -1.1896692124766244e+00   7.8009292694565175e+00 -1 35 #xyz tv3 fid bid
          -7.3857900000000004e-02  -1.7830874999999999e-01   7.4729236561076746e+00 #xyz tv0
          -7.3857900000000004e-02  -1.7830874999999999e-01   7.5140000000000002e+00 #xyz tv1
          -3.8323765427821266e-01  -6.0459369489049242e-01   7.9095381974209111e+00 #xyz tv2
          -1.3647160999999999e-01  -1.3647160999999999e-01   7.5140000000000002e+00 -1 35 #xyz tv3 fid bid
           0.0000000000000000e+00  -1.9300000000000000e-01   7.5140000000000002e+00 #xyz tv0
           6.7622319873467118e-02  -1.1896692124766244e+00   7.8009292694565175e+00 #xyz tv1
          -7.3857900000000004e-02  -1.7830874999999999e-01   7.4729236561076746e+00 #xyz tv2
          -7.3857900000000004e-02  -1.7830874999999999e-01   7.5140000000000002e+00 -1 35 #xyz tv3 fid bid
          -1.3647160999999999e-01  -1.3647160999999999e-01   7.5140000000000002e+00 #xyz tv0
           1.7830874999999999e-01  -7.3857900000000004e-02   7.3339999999999987e+00 #xyz tv1
          -7.3857900000000004e-02  -1.7830874999999999e-01   7.4729236561076746e+00 #xyz tv2
          -7.3857900000000004e-02  -1.7830874999999999e-01   7.5140000000000002e+00 -1 35 #xyz tv3 fid bid
           1.7830874999999999e-01  -7.3857900000000004e-02   7.3339999999999987e+00 #xyz tv0
           0.0000000000000000e+00  -1.9300000000000000e-01   7.5140000000000002e+00 #xyz tv1
          -7.3857900000000004e-02  -1.7830874999999999e-01   7.4729236561076746e+00 #xyz tv2
          -7.3857900000000004e-02  -1.7830874999999999e-01   7.5140000000000002e+00 -1 35 #xyz tv3 fid bid
          -7.3857900000000004e-02  -1.7830874999999999e-01   7.4729236561076746e+00 #xyz tv0
          -7.3857900000000004e-02  -1.7830874999999999e-01   7.5140000000000002e+00 #xyz tv1
          -1.3647160999999999e-01  -1.3647160999999999e-01   7.5140000000000002e+00 7 -1 #xyz tv2 fid bid
          -7.3857900000000004e-02  -1.7830874999999999e-01   7.4729236561076746e+00 #xyz tv0
           0.0000000000000000e+00  -1.9300000000000000e-01   7.5140000000000002e+00 #xyz tv1
          -7.3857900000000004e-02  -1.7830874999999999e-01   7.5140000000000002e+00 7 -1 #xyz tv2 fid bid
          -7.3857900000000004e-02  -1.7830874999999999e-01   7.4729236561076746e+00 #xyz ev0
          -7.3857900000000004e-02  -1.7830874999999999e-01   7.5140000000000002e+00 -1 35 #xyz ev1 fid bid
   0   0.000000000000e+00   0.000000000000e+00   0.000000000000e+00 #flag location
END_ERR 
G3dErrFileVersion 2018P3.1
FlagFileMetaData Begin
   Mesh Size - ATK_Solution, Refinement, Pass #3, Freq. 9.000000e+08 :Title    
   Listing of mesh elements with poor quality. :ToolTip  
   hf3d :Author   
   1776508345 :TimeStamp
FlagFileMetaData End
BEGIN_ERR 
26 Small mesh segment detected on body : RadiatingSurface
 Small mesh segment detected on body : RadiatingSurface 
 Segment Statistics - Number of Segments : 1 --- Segment length(s) : 0.041076cm. The cutoff frequency for S-Matrix Only Solve is 804.807166597354kHz 
2 -1  7  # nfids, fids[]
2 35  -1  # nbids, bids[]
      5 2 1 0 #ntets ntri ned npts
          -7.3857900000000004e-02  -1.7830874999999999e-01   7.4729236561076746e+00 #xyz tv0
          -3.8323765427821266e-01  -6.0459369489049242e-01   7.9095381974209111e+00 #xyz tv1
          -7.3857900000000004e-02  -1.7830874999999999e-01   7.5140000000000002e+00 #xyz tv2
           6.7622319873467118e-02  -1.1896692124766244e+00   7.8009292694565175e+00 -1 35 #xyz tv3 fid bid
          -7.3857900000000004e-02  -1.7830874999999999e-01   7.4729236561076746e+00 #xyz tv0
          -7.3857900000000004e-02  -1.7830874999999999e-01   7.5140000000000002e+00 #xyz tv1
          -3.8323765427821266e-01  -6.0459369489049242e-01   7.9095381974209111e+00 #xyz tv2
          -1.3647160999999999e-01  -1.3647160999999999e-01   7.5140000000000002e+00 -1 35 #xyz tv3 fid bid
           0.0000000000000000e+00  -1.9300000000000000e-01   7.5140000000000002e+00 #xyz tv0
           6.7622319873467118e-02  -1.1896692124766244e+00   7.8009292694565175e+00 #xyz tv1
          -7.3857900000000004e-02  -1.7830874999999999e-01   7.4729236561076746e+00 #xyz tv2
          -7.3857900000000004e-02  -1.7830874999999999e-01   7.5140000000000002e+00 -1 35 #xyz tv3 fid bid
          -1.3647160999999999e-01  -1.3647160999999999e-01   7.5140000000000002e+00 #xyz tv0
           1.7830874999999999e-01  -7.3857900000000004e-02   7.3339999999999987e+00 #xyz tv1
          -7.3857900000000004e-02  -1.7830874999999999e-01   7.4729236561076746e+00 #xyz tv2
          -7.3857900000000004e-02  -1.7830874999999999e-01   7.5140000000000002e+00 -1 35 #xyz tv3 fid bid
           1.7830874999999999e-01  -7.3857900000000004e-02   7.3339999999999987e+00 #xyz tv0
           0.0000000000000000e+00  -1.9300000000000000e-01   7.5140000000000002e+00 #xyz tv1
          -7.3857900000000004e-02  -1.7830874999999999e-01   7.4729236561076746e+00 #xyz tv2
          -7.3857900000000004e-02  -1.7830874999999999e-01   7.5140000000000002e+00 -1 35 #xyz tv3 fid bid
          -7.3857900000000004e-02  -1.7830874999999999e-01   7.4729236561076746e+00 #xyz tv0
          -7.3857900000000004e-02  -1.7830874999999999e-01   7.5140000000000002e+00 #xyz tv1
          -1.3647160999999999e-01  -1.3647160999999999e-01   7.5140000000000002e+00 7 -1 #xyz tv2 fid bid
          -7.3857900000000004e-02  -1.7830874999999999e-01   7.4729236561076746e+00 #xyz tv0
           0.0000000000000000e+00  -1.9300000000000000e-01   7.5140000000000002e+00 #xyz tv1
          -7.3857900000000004e-02  -1.7830874999999999e-01   7.5140000000000002e+00 7 -1 #xyz tv2 fid bid
          -7.3857900000000004e-02  -1.7830874999999999e-01   7.4729236561076746e+00 #xyz ev0
          -7.3857900000000004e-02  -1.7830874999999999e-01   7.5140000000000002e+00 -1 35 #xyz ev1 fid bid
   0   0.000000000000e+00   0.000000000000e+00   0.000000000000e+00 #flag location
END_ERR 
G3dErrFileVersion 2018P3.1
FlagFileMetaData Begin
   Mesh Size - ATK_Solution, Refinement, Pass #4, Freq. 9.000000e+08 :Title    
   Listing of mesh elements with poor quality. :ToolTip  
   hf3d :Author   
   1776508348 :TimeStamp
FlagFileMetaData End
BEGIN_ERR 
26 Small mesh segment detected on body : RadiatingSurface
 Small mesh segment detected on body : RadiatingSurface 
 Segment Statistics - Number of Segments : 1 --- Segment length(s) : 0.041076cm. The cutoff frequency for S-Matrix Only Solve is 804.807166597354kHz 
2 -1  7  # nfids, fids[]
2 35  -1  # nbids, bids[]
      7 2 1 0 #ntets ntri ned npts
          -7.3857900000000004e-02  -1.7830874999999999e-01   7.5140000000000002e+00 #xyz tv0
          -7.3857900000000004e-02  -1.7830874999999999e-01   7.4729236561076746e+00 #xyz tv1
          -5.7455572058264215e-01  -3.6870968630821610e-01   7.5652863395315615e+00 #xyz tv2
          -4.3441642818336251e-01  -6.5668534135355205e-01   7.7942544600067372e+00 -1 35 #xyz tv3 fid bid
          -7.3857900000000004e-02  -1.7830874999999999e-01   7.5140000000000002e+00 #xyz tv0
          -5.7455572058264215e-01  -3.6870968630821610e-01   7.5652863395315615e+00 #xyz tv1
          -7.3857900000000004e-02  -1.7830874999999999e-01   7.4729236561076746e+00 #xyz tv2
          -1.3647160999999999e-01  -1.3647160999999999e-01   7.5140000000000002e+00 -1 35 #xyz tv3 fid bid
           1.9729493118892431e-02  -4.6081388443604221e-01   7.4778059753259223e+00 #xyz tv0
          -4.3441642818336251e-01  -6.5668534135355205e-01   7.7942544600067372e+00 #xyz tv1
          -7.3857900000000004e-02  -1.7830874999999999e-01   7.4729236561076746e+00 #xyz tv2
          -7.3857900000000004e-02  -1.7830874999999999e-01   7.5140000000000002e+00 -1 35 #xyz tv3 fid bid
          -1.7830874999999999e-01  -7.3857900000000004e-02   7.5140000000000002e+00 #xyz tv0
          -7.3857900000000004e-02  -1.7830874999999999e-01   7.5140000000000002e+00 #xyz tv1
          -7.3857900000000004e-02  -1.7830874999999999e-01   7.4729236561076746e+00 #xyz tv2
          -1.3647160999999999e-01  -1.3647160999999999e-01   7.5140000000000002e+00 -1 35 #xyz tv3 fid bid
           1.9729493118892431e-02  -4.6081388443604221e-01   7.4778059753259223e+00 #xyz tv0
          -7.3857900000000004e-02  -1.7830874999999999e-01   7.4729236561076746e+00 #xyz tv1
           0.0000000000000000e+00  -1.9300000000000000e-01   7.5140000000000002e+00 #xyz tv2
          -7.3857900000000004e-02  -1.7830874999999999e-01   7.5140000000000002e+00 -1 35 #xyz tv3 fid bid
          -1.7830874999999999e-01  -7.3857900000000004e-02   7.5140000000000002e+00 #xyz tv0
          -7.3857900000000004e-02  -1.7830874999999999e-01   7.4729236561076746e+00 #xyz tv1
          -7.3857900000000004e-02  -1.7830874999999999e-01   7.5140000000000002e+00 #xyz tv2
           1.7830874999999999e-01  -7.3857900000000004e-02   7.3339999999999987e+00 -1 35 #xyz tv3 fid bid
           1.7830874999999999e-01  -7.3857900000000004e-02   7.3339999999999987e+00 #xyz tv0
           0.0000000000000000e+00  -1.9300000000000000e-01   7.5140000000000002e+00 #xyz tv1
          -7.3857900000000004e-02  -1.7830874999999999e-01   7.4729236561076746e+00 #xyz tv2
          -7.3857900000000004e-02  -1.7830874999999999e-01   7.5140000000000002e+00 -1 35 #xyz tv3 fid bid
          -7.3857900000000004e-02  -1.7830874999999999e-01   7.4729236561076746e+00 #xyz tv0
          -7.3857900000000004e-02  -1.7830874999999999e-01   7.5140000000000002e+00 #xyz tv1
          -1.3647160999999999e-01  -1.3647160999999999e-01   7.5140000000000002e+00 7 -1 #xyz tv2 fid bid
          -7.3857900000000004e-02  -1.7830874999999999e-01   7.4729236561076746e+00 #xyz tv0
           0.0000000000000000e+00  -1.9300000000000000e-01   7.5140000000000002e+00 #xyz tv1
          -7.3857900000000004e-02  -1.7830874999999999e-01   7.5140000000000002e+00 7 -1 #xyz tv2 fid bid
          -7.3857900000000004e-02  -1.7830874999999999e-01   7.4729236561076746e+00 #xyz ev0
          -7.3857900000000004e-02  -1.7830874999999999e-01   7.5140000000000002e+00 -1 35 #xyz ev1 fid bid
   0   0.000000000000e+00   0.000000000000e+00   0.000000000000e+00 #flag location
END_ERR 
G3dErrFileVersion 2018P3.1
FlagFileMetaData Begin
   Mesh Size - ATK_Solution, Refinement, Pass #5, Freq. 9.000000e+08 :Title    
   Listing of mesh elements with poor quality. :ToolTip  
   hf3d :Author   
   1776508350 :TimeStamp
FlagFileMetaData End
BEGIN_ERR 
26 Small mesh segment detected on body : RadiatingSurface
 Small mesh segment detected on body : RadiatingSurface 
 Segment Statistics - Number of Segments : 1 --- Segment length(s) : 0.041076cm. The cutoff frequency for S-Matrix Only Solve is 804.807166597354kHz 
2 -1  7  # nfids, fids[]
2 35  -1  # nbids, bids[]
      7 2 1 0 #ntets ntri ned npts
          -7.3857900000000004e-02  -1.7830874999999999e-01   7.5140000000000002e+00 #xyz tv0
          -7.3857900000000004e-02  -1.7830874999999999e-01   7.4729236561076746e+00 #xyz tv1
          -5.7455572058264215e-01  -3.6870968630821610e-01   7.5652863395315615e+00 #xyz tv2
          -4.1594961959585980e-01  -6.8189440701547799e-01   7.7376170599439682e+00 -1 35 #xyz tv3 fid bid
          -7.3857900000000004e-02  -1.7830874999999999e-01   7.5140000000000002e+00 #xyz tv0
          -5.7455572058264215e-01  -3.6870968630821610e-01   7.5652863395315615e+00 #xyz tv1
          -7.3857900000000004e-02  -1.7830874999999999e-01   7.4729236561076746e+00 #xyz tv2
          -1.3647160999999999e-01  -1.3647160999999999e-01   7.5140000000000002e+00 -1 35 #xyz tv3 fid bid
           1.9729493118892431e-02  -4.6081388443604221e-01   7.4778059753259223e+00 #xyz tv0
          -4.1594961959585980e-01  -6.8189440701547799e-01   7.7376170599439682e+00 #xyz tv1
          -7.3857900000000004e-02  -1.7830874999999999e-01   7.4729236561076746e+00 #xyz tv2
          -7.3857900000000004e-02  -1.7830874999999999e-01   7.5140000000000002e+00 -1 35 #xyz tv3 fid bid
          -1.7830874999999999e-01  -7.3857900000000004e-02   7.5140000000000002e+00 #xyz tv0
          -7.3857900000000004e-02  -1.7830874999999999e-01   7.5140000000000002e+00 #xyz tv1
          -7.3857900000000004e-02  -1.7830874999999999e-01   7.4729236561076746e+00 #xyz tv2
          -1.3647160999999999e-01  -1.3647160999999999e-01   7.5140000000000002e+00 -1 35 #xyz tv3 fid bid
           1.9729493118892431e-02  -4.6081388443604221e-01   7.4778059753259223e+00 #xyz tv0
          -7.3857900000000004e-02  -1.7830874999999999e-01   7.4729236561076746e+00 #xyz tv1
           0.0000000000000000e+00  -1.9300000000000000e-01   7.5140000000000002e+00 #xyz tv2
          -7.3857900000000004e-02  -1.7830874999999999e-01   7.5140000000000002e+00 -1 35 #xyz tv3 fid bid
          -1.7830874999999999e-01  -7.3857900000000004e-02   7.5140000000000002e+00 #xyz tv0
          -7.3857900000000004e-02  -1.7830874999999999e-01   7.4729236561076746e+00 #xyz tv1
          -7.3857900000000004e-02  -1.7830874999999999e-01   7.5140000000000002e+00 #xyz tv2
           1.7830874999999999e-01  -7.3857900000000004e-02   7.3339999999999987e+00 -1 35 #xyz tv3 fid bid
           1.7830874999999999e-01  -7.3857900000000004e-02   7.3339999999999987e+00 #xyz tv0
           0.0000000000000000e+00  -1.9300000000000000e-01   7.5140000000000002e+00 #xyz tv1
          -7.3857900000000004e-02  -1.7830874999999999e-01   7.4729236561076746e+00 #xyz tv2
          -7.3857900000000004e-02  -1.7830874999999999e-01   7.5140000000000002e+00 -1 35 #xyz tv3 fid bid
          -7.3857900000000004e-02  -1.7830874999999999e-01   7.4729236561076746e+00 #xyz tv0
          -7.3857900000000004e-02  -1.7830874999999999e-01   7.5140000000000002e+00 #xyz tv1
          -1.3647160999999999e-01  -1.3647160999999999e-01   7.5140000000000002e+00 7 -1 #xyz tv2 fid bid
          -7.3857900000000004e-02  -1.7830874999999999e-01   7.4729236561076746e+00 #xyz tv0
           0.0000000000000000e+00  -1.9300000000000000e-01   7.5140000000000002e+00 #xyz tv1
          -7.3857900000000004e-02  -1.7830874999999999e-01   7.5140000000000002e+00 7 -1 #xyz tv2 fid bid
          -7.3857900000000004e-02  -1.7830874999999999e-01   7.4729236561076746e+00 #xyz ev0
          -7.3857900000000004e-02  -1.7830874999999999e-01   7.5140000000000002e+00 -1 35 #xyz ev1 fid bid
   0   0.000000000000e+00   0.000000000000e+00   0.000000000000e+00 #flag location
END_ERR 
