G3dErrFileVersion 2018P3.1
FlagFileMetaData Begin
   Mesh Size - ATK_Solution, Refinement, Pass #1, Freq. 9.000000e+08 :Title    
   Listing of mesh elements with poor quality. :ToolTip  
   hf3d :Author   
   1776508237 :TimeStamp
FlagFileMetaData End
BEGIN_ERR 
26 Small mesh segment detected on body : RadiatingSurface
 Small mesh segment detected on body : RadiatingSurface 
 Segment Statistics - Number of Segments : 1 --- Segment length(s) : 0.066000cm. The cutoff frequency for S-Matrix Only Solve is 808.387923959432kHz 
3 -1  18  33  # nfids, fids[]
2 35  -1  # nbids, bids[]
      5 3 1 0 #ntets ntri ned npts
           0.0000000000000000e+00   1.9800000000000001e-01  -1.5400000000000000e-01 #xyz tv0
           1.0102843000000000e-01   2.4390419999999999e-01  -1.5400000000000000e-01 #xyz tv1
           0.0000000000000000e+00   1.9800000000000001e-01  -7.6999999999999999e-02 #xyz tv2
           0.0000000000000000e+00   2.6400000000000001e-01  -1.5400000000000000e-01 -1 35 #xyz tv3 fid bid
           0.0000000000000000e+00   1.9800000000000001e-01  -1.5400000000000000e-01 #xyz tv0
           0.0000000000000000e+00   1.9800000000000001e-01  -7.6999999999999999e-02 #xyz tv1
          -1.0102843000000000e-01   2.4390419999999999e-01  -1.5400000000000000e-01 #xyz tv2
           0.0000000000000000e+00   2.6400000000000001e-01  -1.5400000000000000e-01 -1 35 #xyz tv3 fid bid
           0.0000000000000000e+00   1.9800000000000001e-01  -1.5400000000000000e-01 #xyz tv0
           0.0000000000000000e+00   2.6400000000000001e-01  -5.0400470223946991e-01 #xyz tv1
           1.0102843000000000e-01   2.4390419999999999e-01  -1.5400000000000000e-01 #xyz tv2
           0.0000000000000000e+00   2.6400000000000001e-01  -1.5400000000000000e-01 -1 35 #xyz tv3 fid bid
           0.0000000000000000e+00   1.9800000000000001e-01  -1.5400000000000000e-01 #xyz tv0
          -1.0102843000000000e-01   2.4390419999999999e-01  -1.5400000000000000e-01 #xyz tv1
          -1.0102843000000000e-01   2.4390419999999999e-01  -4.7417749495973149e-01 #xyz tv2
           0.0000000000000000e+00   2.6400000000000001e-01  -1.5400000000000000e-01 -1 35 #xyz tv3 fid bid
           0.0000000000000000e+00   1.9800000000000001e-01  -1.5400000000000000e-01 #xyz tv0
          -1.0102843000000000e-01   2.4390419999999999e-01  -4.7417749495973149e-01 #xyz tv1
           0.0000000000000000e+00   2.6400000000000001e-01  -5.0400470223946991e-01 #xyz tv2
           0.0000000000000000e+00   2.6400000000000001e-01  -1.5400000000000000e-01 -1 35 #xyz tv3 fid bid
           0.0000000000000000e+00   1.9800000000000001e-01  -1.5400000000000000e-01 #xyz tv0
           0.0000000000000000e+00   2.6400000000000001e-01  -1.5400000000000000e-01 #xyz tv1
          -1.0102843000000000e-01   2.4390419999999999e-01  -1.5400000000000000e-01 18 -1 #xyz tv2 fid bid
           0.0000000000000000e+00   1.9800000000000001e-01  -7.6999999999999999e-02 #xyz tv0
           0.0000000000000000e+00   1.9800000000000001e-01  -1.5400000000000000e-01 #xyz tv1
           0.0000000000000000e+00   2.6400000000000001e-01  -1.5400000000000000e-01 33 -1 #xyz tv2 fid bid
           0.0000000000000000e+00   1.9800000000000001e-01  -1.5400000000000000e-01 #xyz tv0
           1.0102843000000000e-01   2.4390419999999999e-01  -1.5400000000000000e-01 #xyz tv1
           0.0000000000000000e+00   2.6400000000000001e-01  -1.5400000000000000e-01 18 -1 #xyz tv2 fid bid
           0.0000000000000000e+00   1.9800000000000001e-01  -1.5400000000000000e-01 #xyz ev0
           0.0000000000000000e+00   2.6400000000000001e-01  -1.5400000000000000e-01 -1 35 #xyz ev1 fid bid
   0   0.000000000000e+00   0.000000000000e+00   0.000000000000e+00 #flag location
END_ERR 
G3dErrFileVersion 2018P3.1
FlagFileMetaData Begin
   Mesh Size - ATK_Solution, Refinement, Pass #2, Freq. 9.000000e+08 :Title    
   Listing of mesh elements with poor quality. :ToolTip  
   hf3d :Author   
   1776508239 :TimeStamp
FlagFileMetaData End
BEGIN_ERR 
26 Small mesh segment detected on body : RadiatingSurface
 Small mesh segment detected on body : RadiatingSurface 
 Segment Statistics - Number of Segments : 1 --- Segment length(s) : 0.055407cm. The cutoff frequency for S-Matrix Only Solve is 808.387923959432kHz 
2 -1  33  # nfids, fids[]
2 35  -1  # nbids, bids[]
      4 2 1 0 #ntets ntri ned npts
           0.0000000000000000e+00   2.6400000000000001e-01   7.6999999999999999e-02 #xyz tv0
          -1.0102843000000000e-01   2.4390419999999999e-01   1.5400000000000000e-01 #xyz tv1
           0.0000000000000000e+00   2.0859259259259261e-01   7.6999999999999999e-02 #xyz tv2
           0.0000000000000000e+00   2.6400000000000001e-01   0.0000000000000000e+00 -1 35 #xyz tv3 fid bid
           0.0000000000000000e+00   2.6400000000000001e-01   7.6999999999999999e-02 #xyz tv0
           0.0000000000000000e+00   2.0859259259259261e-01   7.6999999999999999e-02 #xyz tv1
          -1.0102843000000000e-01   2.4390419999999999e-01   1.5400000000000000e-01 #xyz tv2
           0.0000000000000000e+00   2.6400000000000001e-01   1.5400000000000000e-01 -1 35 #xyz tv3 fid bid
           0.0000000000000000e+00   2.6400000000000001e-01   7.6999999999999999e-02 #xyz tv0
           0.0000000000000000e+00   2.0859259259259261e-01   7.6999999999999999e-02 #xyz tv1
           1.0102843000000000e-01   2.4390419999999999e-01   1.5400000000000000e-01 #xyz tv2
           0.0000000000000000e+00   2.6400000000000001e-01   0.0000000000000000e+00 -1 35 #xyz tv3 fid bid
           0.0000000000000000e+00   2.6400000000000001e-01   7.6999999999999999e-02 #xyz tv0
           1.0102843000000000e-01   2.4390419999999999e-01   1.5400000000000000e-01 #xyz tv1
           0.0000000000000000e+00   2.0859259259259261e-01   7.6999999999999999e-02 #xyz tv2
           0.0000000000000000e+00   2.6400000000000001e-01   1.5400000000000000e-01 -1 35 #xyz tv3 fid bid
           0.0000000000000000e+00   2.0859259259259261e-01   7.6999999999999999e-02 #xyz tv0
           0.0000000000000000e+00   2.6400000000000001e-01   7.6999999999999999e-02 #xyz tv1
           0.0000000000000000e+00   2.6400000000000001e-01   1.5400000000000000e-01 33 -1 #xyz tv2 fid bid
           0.0000000000000000e+00   2.6400000000000001e-01   0.0000000000000000e+00 #xyz tv0
           0.0000000000000000e+00   2.6400000000000001e-01   7.6999999999999999e-02 #xyz tv1
           0.0000000000000000e+00   2.0859259259259261e-01   7.6999999999999999e-02 33 -1 #xyz tv2 fid bid
           0.0000000000000000e+00   2.0859259259259261e-01   7.6999999999999999e-02 #xyz ev0
           0.0000000000000000e+00   2.6400000000000001e-01   7.6999999999999999e-02 -1 35 #xyz ev1 fid bid
   0   0.000000000000e+00   0.000000000000e+00   0.000000000000e+00 #flag location
END_ERR 
G3dErrFileVersion 2018P3.1
FlagFileMetaData Begin
   Mesh Size - ATK_Solution, Refinement, Pass #3, Freq. 9.000000e+08 :Title    
   Listing of mesh elements with poor quality. :ToolTip  
   hf3d :Author   
   1776508242 :TimeStamp
FlagFileMetaData End
BEGIN_ERR 
26 Small mesh segment detected on body : RadiatingSurface
 Small mesh segment detected on body : RadiatingSurface 
 Segment Statistics - Number of Segments : 1 --- Segment length(s) : 0.053959cm. The cutoff frequency for S-Matrix Only Solve is 808.387923959432kHz 
2 -1  33  # nfids, fids[]
2 35  -1  # nbids, bids[]
      4 2 1 0 #ntets ntri ned npts
           0.0000000000000000e+00   2.6400000000000001e-01   7.6999999999999999e-02 #xyz tv0
          -1.0102843000000000e-01   2.4390419999999999e-01   1.5400000000000000e-01 #xyz tv1
           0.0000000000000000e+00   2.1004115226337447e-01   7.6999999999999999e-02 #xyz tv2
           0.0000000000000000e+00   2.6400000000000001e-01   0.0000000000000000e+00 -1 35 #xyz tv3 fid bid
           0.0000000000000000e+00   2.6400000000000001e-01   7.6999999999999999e-02 #xyz tv0
           0.0000000000000000e+00   2.1004115226337447e-01   7.6999999999999999e-02 #xyz tv1
          -1.0102843000000000e-01   2.4390419999999999e-01   1.5400000000000000e-01 #xyz tv2
           0.0000000000000000e+00   2.6400000000000001e-01   1.5400000000000000e-01 -1 35 #xyz tv3 fid bid
           0.0000000000000000e+00   2.6400000000000001e-01   7.6999999999999999e-02 #xyz tv0
           0.0000000000000000e+00   2.1004115226337447e-01   7.6999999999999999e-02 #xyz tv1
           1.0102843000000000e-01   2.4390419999999999e-01   1.5400000000000000e-01 #xyz tv2
           0.0000000000000000e+00   2.6400000000000001e-01   0.0000000000000000e+00 -1 35 #xyz tv3 fid bid
           0.0000000000000000e+00   2.6400000000000001e-01   7.6999999999999999e-02 #xyz tv0
           1.0102843000000000e-01   2.4390419999999999e-01   1.5400000000000000e-01 #xyz tv1
           0.0000000000000000e+00   2.1004115226337447e-01   7.6999999999999999e-02 #xyz tv2
           0.0000000000000000e+00   2.6400000000000001e-01   1.5400000000000000e-01 -1 35 #xyz tv3 fid bid
           0.0000000000000000e+00   2.1004115226337447e-01   7.6999999999999999e-02 #xyz tv0
           0.0000000000000000e+00   2.6400000000000001e-01   7.6999999999999999e-02 #xyz tv1
           0.0000000000000000e+00   2.6400000000000001e-01   1.5400000000000000e-01 33 -1 #xyz tv2 fid bid
           0.0000000000000000e+00   2.6400000000000001e-01   0.0000000000000000e+00 #xyz tv0
           0.0000000000000000e+00   2.6400000000000001e-01   7.6999999999999999e-02 #xyz tv1
           0.0000000000000000e+00   2.1004115226337447e-01   7.6999999999999999e-02 33 -1 #xyz tv2 fid bid
           0.0000000000000000e+00   2.1004115226337447e-01   7.6999999999999999e-02 #xyz ev0
           0.0000000000000000e+00   2.6400000000000001e-01   7.6999999999999999e-02 -1 35 #xyz ev1 fid bid
   0   0.000000000000e+00   0.000000000000e+00   0.000000000000e+00 #flag location
END_ERR 
G3dErrFileVersion 2018P3.1
FlagFileMetaData Begin
   Mesh Size - ATK_Solution, Refinement, Pass #4, Freq. 9.000000e+08 :Title    
   Listing of mesh elements with poor quality. :ToolTip  
   hf3d :Author   
   1776508245 :TimeStamp
FlagFileMetaData End
BEGIN_ERR 
26 Small mesh segment detected on body : RadiatingSurface
 Small mesh segment detected on body : RadiatingSurface 
 Segment Statistics - Number of Segments : 1 --- Segment length(s) : 0.053315cm. The cutoff frequency for S-Matrix Only Solve is 808.387923959432kHz 
2 -1  33  # nfids, fids[]
2 35  -1  # nbids, bids[]
      4 2 1 0 #ntets ntri ned npts
           0.0000000000000000e+00   2.6400000000000001e-01   7.6999999999999999e-02 #xyz tv0
          -1.0102843000000000e-01   2.4390419999999999e-01   1.5400000000000000e-01 #xyz tv1
           0.0000000000000000e+00   2.1068495656149977e-01   7.6999999999999999e-02 #xyz tv2
           0.0000000000000000e+00   2.6400000000000001e-01   0.0000000000000000e+00 -1 35 #xyz tv3 fid bid
           0.0000000000000000e+00   2.6400000000000001e-01   7.6999999999999999e-02 #xyz tv0
           0.0000000000000000e+00   2.1068495656149977e-01   7.6999999999999999e-02 #xyz tv1
          -1.0102843000000000e-01   2.4390419999999999e-01   1.5400000000000000e-01 #xyz tv2
           0.0000000000000000e+00   2.6400000000000001e-01   1.5400000000000000e-01 -1 35 #xyz tv3 fid bid
           0.0000000000000000e+00   2.6400000000000001e-01   7.6999999999999999e-02 #xyz tv0
           0.0000000000000000e+00   2.1068495656149977e-01   7.6999999999999999e-02 #xyz tv1
           1.0102843000000000e-01   2.4390419999999999e-01   1.5400000000000000e-01 #xyz tv2
           0.0000000000000000e+00   2.6400000000000001e-01   0.0000000000000000e+00 -1 35 #xyz tv3 fid bid
           0.0000000000000000e+00   2.6400000000000001e-01   7.6999999999999999e-02 #xyz tv0
           1.0102843000000000e-01   2.4390419999999999e-01   1.5400000000000000e-01 #xyz tv1
           0.0000000000000000e+00   2.1068495656149977e-01   7.6999999999999999e-02 #xyz tv2
           0.0000000000000000e+00   2.6400000000000001e-01   1.5400000000000000e-01 -1 35 #xyz tv3 fid bid
           0.0000000000000000e+00   2.1068495656149977e-01   7.6999999999999999e-02 #xyz tv0
           0.0000000000000000e+00   2.6400000000000001e-01   7.6999999999999999e-02 #xyz tv1
           0.0000000000000000e+00   2.6400000000000001e-01   1.5400000000000000e-01 33 -1 #xyz tv2 fid bid
           0.0000000000000000e+00   2.6400000000000001e-01   0.0000000000000000e+00 #xyz tv0
           0.0000000000000000e+00   2.6400000000000001e-01   7.6999999999999999e-02 #xyz tv1
           0.0000000000000000e+00   2.1068495656149977e-01   7.6999999999999999e-02 33 -1 #xyz tv2 fid bid
           0.0000000000000000e+00   2.1068495656149977e-01   7.6999999999999999e-02 #xyz ev0
           0.0000000000000000e+00   2.6400000000000001e-01   7.6999999999999999e-02 -1 35 #xyz ev1 fid bid
   0   0.000000000000e+00   0.000000000000e+00   0.000000000000e+00 #flag location
END_ERR 
G3dErrFileVersion 2018P3.1
FlagFileMetaData Begin
   Mesh Size - ATK_Solution, Refinement, Pass #5, Freq. 9.000000e+08 :Title    
   Listing of mesh elements with poor quality. :ToolTip  
   hf3d :Author   
   1776508247 :TimeStamp
FlagFileMetaData End
BEGIN_ERR 
26 Small mesh segment detected on body : RadiatingSurface
 Small mesh segment detected on body : RadiatingSurface 
 Segment Statistics - Number of Segments : 1 --- Segment length(s) : 0.053029cm. The cutoff frequency for S-Matrix Only Solve is 808.387923959432kHz 
2 -1  33  # nfids, fids[]
2 35  -1  # nbids, bids[]
      4 2 1 0 #ntets ntri ned npts
           0.0000000000000000e+00   2.6400000000000001e-01   7.6999999999999999e-02 #xyz tv0
          -1.0102843000000000e-01   2.4390419999999999e-01   1.5400000000000000e-01 #xyz tv1
           0.0000000000000000e+00   2.1097109180511098e-01   7.6999999999999999e-02 #xyz tv2
           0.0000000000000000e+00   2.6400000000000001e-01   0.0000000000000000e+00 -1 35 #xyz tv3 fid bid
           0.0000000000000000e+00   2.6400000000000001e-01   7.6999999999999999e-02 #xyz tv0
           0.0000000000000000e+00   2.1097109180511098e-01   7.6999999999999999e-02 #xyz tv1
          -1.0102843000000000e-01   2.4390419999999999e-01   1.5400000000000000e-01 #xyz tv2
           0.0000000000000000e+00   2.6400000000000001e-01   1.5400000000000000e-01 -1 35 #xyz tv3 fid bid
           0.0000000000000000e+00   2.6400000000000001e-01   7.6999999999999999e-02 #xyz tv0
           0.0000000000000000e+00   2.1097109180511098e-01   7.6999999999999999e-02 #xyz tv1
           1.0102843000000000e-01   2.4390419999999999e-01   1.5400000000000000e-01 #xyz tv2
           0.0000000000000000e+00   2.6400000000000001e-01   0.0000000000000000e+00 -1 35 #xyz tv3 fid bid
           0.0000000000000000e+00   2.6400000000000001e-01   7.6999999999999999e-02 #xyz tv0
           1.0102843000000000e-01   2.4390419999999999e-01   1.5400000000000000e-01 #xyz tv1
           0.0000000000000000e+00   2.1097109180511098e-01   7.6999999999999999e-02 #xyz tv2
           0.0000000000000000e+00   2.6400000000000001e-01   1.5400000000000000e-01 -1 35 #xyz tv3 fid bid
           0.0000000000000000e+00   2.1097109180511098e-01   7.6999999999999999e-02 #xyz tv0
           0.0000000000000000e+00   2.6400000000000001e-01   7.6999999999999999e-02 #xyz tv1
           0.0000000000000000e+00   2.6400000000000001e-01   1.5400000000000000e-01 33 -1 #xyz tv2 fid bid
           0.0000000000000000e+00   2.6400000000000001e-01   0.0000000000000000e+00 #xyz tv0
           0.0000000000000000e+00   2.6400000000000001e-01   7.6999999999999999e-02 #xyz tv1
           0.0000000000000000e+00   2.1097109180511098e-01   7.6999999999999999e-02 33 -1 #xyz tv2 fid bid
           0.0000000000000000e+00   2.1097109180511098e-01   7.6999999999999999e-02 #xyz ev0
           0.0000000000000000e+00   2.6400000000000001e-01   7.6999999999999999e-02 -1 35 #xyz ev1 fid bid
   0   0.000000000000e+00   0.000000000000e+00   0.000000000000e+00 #flag location
END_ERR 
G3dErrFileVersion 2018P3.1
FlagFileMetaData Begin
   Mesh Size - ATK_Solution, Refinement, Pass #6, Freq. 9.000000e+08 :Title    
   Listing of mesh elements with poor quality. :ToolTip  
   hf3d :Author   
   1776508250 :TimeStamp
FlagFileMetaData End
BEGIN_ERR 
26 Small mesh segment detected on body : RadiatingSurface
 Small mesh segment detected on body : RadiatingSurface 
 Segment Statistics - Number of Segments : 1 --- Segment length(s) : 0.052902cm. The cutoff frequency for S-Matrix Only Solve is 808.387923959432kHz 
2 -1  33  # nfids, fids[]
2 35  -1  # nbids, bids[]
      4 2 1 0 #ntets ntri ned npts
           0.0000000000000000e+00   2.6400000000000001e-01   7.6999999999999999e-02 #xyz tv0
          -1.0102843000000000e-01   2.4390419999999999e-01   1.5400000000000000e-01 #xyz tv1
           0.0000000000000000e+00   2.1109826302449378e-01   7.6999999999999999e-02 #xyz tv2
           0.0000000000000000e+00   2.6400000000000001e-01   0.0000000000000000e+00 -1 35 #xyz tv3 fid bid
           0.0000000000000000e+00   2.6400000000000001e-01   7.6999999999999999e-02 #xyz tv0
           0.0000000000000000e+00   2.1109826302449378e-01   7.6999999999999999e-02 #xyz tv1
          -1.0102843000000000e-01   2.4390419999999999e-01   1.5400000000000000e-01 #xyz tv2
           0.0000000000000000e+00   2.6400000000000001e-01   1.5400000000000000e-01 -1 35 #xyz tv3 fid bid
           0.0000000000000000e+00   2.6400000000000001e-01   7.6999999999999999e-02 #xyz tv0
           0.0000000000000000e+00   2.1109826302449378e-01   7.6999999999999999e-02 #xyz tv1
           1.0102843000000000e-01   2.4390419999999999e-01   1.5400000000000000e-01 #xyz tv2
           0.0000000000000000e+00   2.6400000000000001e-01   0.0000000000000000e+00 -1 35 #xyz tv3 fid bid
           0.0000000000000000e+00   2.6400000000000001e-01   7.6999999999999999e-02 #xyz tv0
           1.0102843000000000e-01   2.4390419999999999e-01   1.5400000000000000e-01 #xyz tv1
           0.0000000000000000e+00   2.1109826302449378e-01   7.6999999999999999e-02 #xyz tv2
           0.0000000000000000e+00   2.6400000000000001e-01   1.5400000000000000e-01 -1 35 #xyz tv3 fid bid
           0.0000000000000000e+00   2.1109826302449378e-01   7.6999999999999999e-02 #xyz tv0
           0.0000000000000000e+00   2.6400000000000001e-01   7.6999999999999999e-02 #xyz tv1
           0.0000000000000000e+00   2.6400000000000001e-01   1.5400000000000000e-01 33 -1 #xyz tv2 fid bid
           0.0000000000000000e+00   2.6400000000000001e-01   0.0000000000000000e+00 #xyz tv0
           0.0000000000000000e+00   2.6400000000000001e-01   7.6999999999999999e-02 #xyz tv1
           0.0000000000000000e+00   2.1109826302449378e-01   7.6999999999999999e-02 33 -1 #xyz tv2 fid bid
           0.0000000000000000e+00   2.1109826302449378e-01   7.6999999999999999e-02 #xyz ev0
           0.0000000000000000e+00   2.6400000000000001e-01   7.6999999999999999e-02 -1 35 #xyz ev1 fid bid
   0   0.000000000000e+00   0.000000000000e+00   0.000000000000e+00 #flag location
END_ERR 
