G3dErrFileVersion 2018P3.1
FlagFileMetaData Begin
   Mesh Size - ATK_Solution, Refinement, Pass #1, Freq. 9.000000e+08 :Title    
   Listing of mesh elements with poor quality. :ToolTip  
   hf3d :Author   
   1776507849 :TimeStamp
FlagFileMetaData End
BEGIN_ERR 
26 Small mesh segment detected on body : RadiatingSurface
 Small mesh segment detected on body : RadiatingSurface 
 Segment Statistics - Number of Segments : 1 --- Segment length(s) : 0.038750cm. The cutoff frequency for S-Matrix Only Solve is 808.191788527006kHz 
2 -1  33  # nfids, fids[]
2 35  -1  # nbids, bids[]
      7 2 1 0 #ntets ntri ned npts
           1.5202795999999999e-01   1.5202795999999999e-01   1.5500000000000003e-01 #xyz tv0
           0.0000000000000000e+00   1.0750000000000000e-01  -3.8750000000000000e-02 #xyz tv1
           1.9863410000000004e-01   8.2276940000000007e-02   1.5500000000000003e-01 #xyz tv2
           0.0000000000000000e+00   1.0750000000000003e-01  -7.7500000000000013e-02 -1 35 #xyz tv3 fid bid
           2.1500000000000005e-01   0.0000000000000000e+00   1.5500000000000003e-01 #xyz tv0
           0.0000000000000000e+00   1.0750000000000000e-01  -3.8750000000000000e-02 #xyz tv1
           0.0000000000000000e+00   1.0750000000000003e-01  -7.7500000000000013e-02 #xyz tv2
           1.9863410000000004e-01   8.2276940000000007e-02   1.5500000000000003e-01 -1 35 #xyz tv3 fid bid
           1.5202795999999999e-01   1.5202795999999999e-01   1.5500000000000003e-01 #xyz tv0
           0.0000000000000000e+00   2.1500000000000005e-01   0.0000000000000000e+00 #xyz tv1
           0.0000000000000000e+00   1.0750000000000000e-01  -3.8750000000000000e-02 #xyz tv2
           0.0000000000000000e+00   1.0750000000000003e-01  -7.7500000000000013e-02 -1 35 #xyz tv3 fid bid
           2.1500000000000005e-01   0.0000000000000000e+00   1.5500000000000003e-01 #xyz tv0
           0.0000000000000000e+00   1.0750000000000003e-01  -7.7500000000000013e-02 #xyz tv1
           0.0000000000000000e+00   1.0750000000000000e-01  -3.8750000000000000e-02 #xyz tv2
           0.0000000000000000e+00   0.0000000000000000e+00  -1.5500000000000003e-01 -1 35 #xyz tv3 fid bid
          -1.5202795999999999e-01   1.5202795999999999e-01   1.5500000000000003e-01 #xyz tv0
           0.0000000000000000e+00   1.0750000000000000e-01  -3.8750000000000000e-02 #xyz tv1
           0.0000000000000000e+00   2.1500000000000005e-01   0.0000000000000000e+00 #xyz tv2
           0.0000000000000000e+00   1.0750000000000003e-01  -7.7500000000000013e-02 -1 35 #xyz tv3 fid bid
          -1.9863410000000004e-01   8.2276940000000007e-02   1.5500000000000003e-01 #xyz tv0
           0.0000000000000000e+00   0.0000000000000000e+00  -1.5500000000000003e-01 #xyz tv1
           0.0000000000000000e+00   1.0750000000000000e-01  -3.8750000000000000e-02 #xyz tv2
           0.0000000000000000e+00   1.0750000000000003e-01  -7.7500000000000013e-02 -1 35 #xyz tv3 fid bid
          -1.9863410000000004e-01   8.2276940000000007e-02   1.5500000000000003e-01 #xyz tv0
           0.0000000000000000e+00   1.0750000000000000e-01  -3.8750000000000000e-02 #xyz tv1
          -1.5202795999999999e-01   1.5202795999999999e-01   1.5500000000000003e-01 #xyz tv2
           0.0000000000000000e+00   1.0750000000000003e-01  -7.7500000000000013e-02 -1 35 #xyz tv3 fid bid
           0.0000000000000000e+00   1.0750000000000003e-01  -7.7500000000000013e-02 #xyz tv0
           0.0000000000000000e+00   1.0750000000000000e-01  -3.8750000000000000e-02 #xyz tv1
           0.0000000000000000e+00   2.1500000000000005e-01   0.0000000000000000e+00 33 -1 #xyz tv2 fid bid
           0.0000000000000000e+00   0.0000000000000000e+00  -1.5500000000000003e-01 #xyz tv0
           0.0000000000000000e+00   1.0750000000000000e-01  -3.8750000000000000e-02 #xyz tv1
           0.0000000000000000e+00   1.0750000000000003e-01  -7.7500000000000013e-02 33 -1 #xyz tv2 fid bid
           0.0000000000000000e+00   1.0750000000000003e-01  -7.7500000000000013e-02 #xyz ev0
           0.0000000000000000e+00   1.0750000000000000e-01  -3.8750000000000000e-02 -1 35 #xyz ev1 fid bid
   0   0.000000000000e+00   0.000000000000e+00   0.000000000000e+00 #flag location
END_ERR 
G3dErrFileVersion 2018P3.1
FlagFileMetaData Begin
   Mesh Size - ATK_Solution, Refinement, Pass #2, Freq. 9.000000e+08 :Title    
   Listing of mesh elements with poor quality. :ToolTip  
   hf3d :Author   
   1776507852 :TimeStamp
FlagFileMetaData End
BEGIN_ERR 
26 Small mesh segment detected on body : RadiatingSurface
 Small mesh segment detected on body : RadiatingSurface 
 Segment Statistics - Number of Segments : 1 --- Segment length(s) : 0.038750cm. The cutoff frequency for S-Matrix Only Solve is 808.191788527006kHz 
2 -1  33  # nfids, fids[]
2 35  -1  # nbids, bids[]
      8 2 1 0 #ntets ntri ned npts
           1.9863410000000004e-01  -8.2276940000000007e-02   1.5500000000000003e-01 #xyz tv0
           0.0000000000000000e+00  -1.0750000000000003e-01   1.5500000000000003e-01 #xyz tv1
           0.0000000000000000e+00  -1.0750000000000003e-01   1.1625000000000001e-01 #xyz tv2
           0.0000000000000000e+00   0.0000000000000000e+00   1.5500000000000003e-01 -1 35 #xyz tv3 fid bid
           1.9863410000000004e-01  -8.2276940000000007e-02   1.5500000000000003e-01 #xyz tv0
           0.0000000000000000e+00  -1.0750000000000003e-01   1.1625000000000001e-01 #xyz tv1
           0.0000000000000000e+00  -1.0750000000000003e-01   1.5500000000000003e-01 #xyz tv2
           1.5202795999999999e-01  -1.5202795999999999e-01   1.5500000000000003e-01 -1 35 #xyz tv3 fid bid
          -1.9863410000000004e-01  -8.2276940000000007e-02   1.5500000000000003e-01 #xyz tv0
           0.0000000000000000e+00  -1.0750000000000003e-01   1.1625000000000001e-01 #xyz tv1
           0.0000000000000000e+00  -1.0750000000000003e-01   1.5500000000000003e-01 #xyz tv2
           0.0000000000000000e+00   0.0000000000000000e+00   1.5500000000000003e-01 -1 35 #xyz tv3 fid bid
           1.5202795999999999e-01  -1.5202795999999999e-01   1.5500000000000003e-01 #xyz tv0
           0.0000000000000000e+00  -1.0750000000000003e-01   1.1625000000000001e-01 #xyz tv1
           0.0000000000000000e+00  -1.0750000000000003e-01   1.5500000000000003e-01 #xyz tv2
           8.2276940000000007e-02  -1.9863410000000004e-01   1.5500000000000003e-01 -1 35 #xyz tv3 fid bid
          -1.9863410000000004e-01  -8.2276940000000007e-02   1.5500000000000003e-01 #xyz tv0
           0.0000000000000000e+00  -1.0750000000000003e-01   1.5500000000000003e-01 #xyz tv1
           0.0000000000000000e+00  -1.0750000000000003e-01   1.1625000000000001e-01 #xyz tv2
          -1.5202795999999999e-01  -1.5202795999999999e-01   1.5500000000000003e-01 -1 35 #xyz tv3 fid bid
           0.0000000000000000e+00  -1.0750000000000003e-01   1.5500000000000003e-01 #xyz tv0
           8.2276940000000007e-02  -1.9863410000000004e-01   1.5500000000000003e-01 #xyz tv1
           0.0000000000000000e+00  -1.0750000000000003e-01   1.1625000000000001e-01 #xyz tv2
           0.0000000000000000e+00  -2.1500000000000005e-01   1.5500000000000003e-01 -1 35 #xyz tv3 fid bid
          -1.5202795999999999e-01  -1.5202795999999999e-01   1.5500000000000003e-01 #xyz tv0
           0.0000000000000000e+00  -1.0750000000000003e-01   1.5500000000000003e-01 #xyz tv1
           0.0000000000000000e+00  -1.0750000000000003e-01   1.1625000000000001e-01 #xyz tv2
          -8.2276940000000007e-02  -1.9863410000000004e-01   1.5500000000000003e-01 -1 35 #xyz tv3 fid bid
           0.0000000000000000e+00  -1.0750000000000003e-01   1.5500000000000003e-01 #xyz tv0
           0.0000000000000000e+00  -1.0750000000000003e-01   1.1625000000000001e-01 #xyz tv1
          -8.2276940000000007e-02  -1.9863410000000004e-01   1.5500000000000003e-01 #xyz tv2
           0.0000000000000000e+00  -2.1500000000000005e-01   1.5500000000000003e-01 -1 35 #xyz tv3 fid bid
           0.0000000000000000e+00  -2.1500000000000005e-01   1.5500000000000003e-01 #xyz tv0
           0.0000000000000000e+00  -1.0750000000000003e-01   1.5500000000000003e-01 #xyz tv1
           0.0000000000000000e+00  -1.0750000000000003e-01   1.1625000000000001e-01 33 -1 #xyz tv2 fid bid
           0.0000000000000000e+00  -1.0750000000000003e-01   1.1625000000000001e-01 #xyz tv0
           0.0000000000000000e+00  -1.0750000000000003e-01   1.5500000000000003e-01 #xyz tv1
           0.0000000000000000e+00   0.0000000000000000e+00   1.5500000000000003e-01 33 -1 #xyz tv2 fid bid
           0.0000000000000000e+00  -1.0750000000000003e-01   1.5500000000000003e-01 #xyz ev0
           0.0000000000000000e+00  -1.0750000000000003e-01   1.1625000000000001e-01 -1 35 #xyz ev1 fid bid
   0   0.000000000000e+00   0.000000000000e+00   0.000000000000e+00 #flag location
END_ERR 
G3dErrFileVersion 2018P3.1
FlagFileMetaData Begin
   Mesh Size - ATK_Solution, Refinement, Pass #3, Freq. 9.000000e+08 :Title    
   Listing of mesh elements with poor quality. :ToolTip  
   hf3d :Author   
   1776507854 :TimeStamp
FlagFileMetaData End
BEGIN_ERR 
26 Small mesh segment detected on body : RadiatingSurface
 Small mesh segment detected on body : RadiatingSurface 
 Segment Statistics - Number of Segments : 1 --- Segment length(s) : 0.038750cm. The cutoff frequency for S-Matrix Only Solve is 808.191788527006kHz 
2 -1  33  # nfids, fids[]
2 35  -1  # nbids, bids[]
      8 2 1 0 #ntets ntri ned npts
           1.9863410000000004e-01  -8.2276940000000007e-02   1.5500000000000003e-01 #xyz tv0
           0.0000000000000000e+00  -1.0750000000000003e-01   1.5500000000000003e-01 #xyz tv1
           0.0000000000000000e+00  -1.0750000000000003e-01   1.1625000000000001e-01 #xyz tv2
           0.0000000000000000e+00   0.0000000000000000e+00   1.5500000000000003e-01 -1 35 #xyz tv3 fid bid
           1.9863410000000004e-01  -8.2276940000000007e-02   1.5500000000000003e-01 #xyz tv0
           0.0000000000000000e+00  -1.0750000000000003e-01   1.1625000000000001e-01 #xyz tv1
           0.0000000000000000e+00  -1.0750000000000003e-01   1.5500000000000003e-01 #xyz tv2
           1.5202795999999999e-01  -1.5202795999999999e-01   1.5500000000000003e-01 -1 35 #xyz tv3 fid bid
          -1.9863410000000004e-01  -8.2276940000000007e-02   1.5500000000000003e-01 #xyz tv0
           0.0000000000000000e+00  -1.0750000000000003e-01   1.1625000000000001e-01 #xyz tv1
           0.0000000000000000e+00  -1.0750000000000003e-01   1.5500000000000003e-01 #xyz tv2
           0.0000000000000000e+00   0.0000000000000000e+00   1.5500000000000003e-01 -1 35 #xyz tv3 fid bid
           1.5202795999999999e-01  -1.5202795999999999e-01   1.5500000000000003e-01 #xyz tv0
           0.0000000000000000e+00  -1.0750000000000003e-01   1.1625000000000001e-01 #xyz tv1
           0.0000000000000000e+00  -1.0750000000000003e-01   1.5500000000000003e-01 #xyz tv2
           8.2276940000000007e-02  -1.9863410000000004e-01   1.5500000000000003e-01 -1 35 #xyz tv3 fid bid
          -1.9863410000000004e-01  -8.2276940000000007e-02   1.5500000000000003e-01 #xyz tv0
           0.0000000000000000e+00  -1.0750000000000003e-01   1.5500000000000003e-01 #xyz tv1
           0.0000000000000000e+00  -1.0750000000000003e-01   1.1625000000000001e-01 #xyz tv2
          -1.5202795999999999e-01  -1.5202795999999999e-01   1.5500000000000003e-01 -1 35 #xyz tv3 fid bid
           0.0000000000000000e+00  -1.0750000000000003e-01   1.5500000000000003e-01 #xyz tv0
           8.2276940000000007e-02  -1.9863410000000004e-01   1.5500000000000003e-01 #xyz tv1
           0.0000000000000000e+00  -1.0750000000000003e-01   1.1625000000000001e-01 #xyz tv2
           0.0000000000000000e+00  -2.1500000000000005e-01   1.5500000000000003e-01 -1 35 #xyz tv3 fid bid
          -1.5202795999999999e-01  -1.5202795999999999e-01   1.5500000000000003e-01 #xyz tv0
           0.0000000000000000e+00  -1.0750000000000003e-01   1.5500000000000003e-01 #xyz tv1
           0.0000000000000000e+00  -1.0750000000000003e-01   1.1625000000000001e-01 #xyz tv2
          -8.2276940000000007e-02  -1.9863410000000004e-01   1.5500000000000003e-01 -1 35 #xyz tv3 fid bid
           0.0000000000000000e+00  -1.0750000000000003e-01   1.5500000000000003e-01 #xyz tv0
           0.0000000000000000e+00  -1.0750000000000003e-01   1.1625000000000001e-01 #xyz tv1
          -8.2276940000000007e-02  -1.9863410000000004e-01   1.5500000000000003e-01 #xyz tv2
           0.0000000000000000e+00  -2.1500000000000005e-01   1.5500000000000003e-01 -1 35 #xyz tv3 fid bid
           0.0000000000000000e+00  -2.1500000000000005e-01   1.5500000000000003e-01 #xyz tv0
           0.0000000000000000e+00  -1.0750000000000003e-01   1.5500000000000003e-01 #xyz tv1
           0.0000000000000000e+00  -1.0750000000000003e-01   1.1625000000000001e-01 33 -1 #xyz tv2 fid bid
           0.0000000000000000e+00  -1.0750000000000003e-01   1.1625000000000001e-01 #xyz tv0
           0.0000000000000000e+00  -1.0750000000000003e-01   1.5500000000000003e-01 #xyz tv1
           0.0000000000000000e+00   0.0000000000000000e+00   1.5500000000000003e-01 33 -1 #xyz tv2 fid bid
           0.0000000000000000e+00  -1.0750000000000003e-01   1.5500000000000003e-01 #xyz ev0
           0.0000000000000000e+00  -1.0750000000000003e-01   1.1625000000000001e-01 -1 35 #xyz ev1 fid bid
   0   0.000000000000e+00   0.000000000000e+00   0.000000000000e+00 #flag location
END_ERR 
G3dErrFileVersion 2018P3.1
FlagFileMetaData Begin
   Mesh Size - ATK_Solution, Refinement, Pass #4, Freq. 9.000000e+08 :Title    
   Listing of mesh elements with poor quality. :ToolTip  
   hf3d :Author   
   1776507857 :TimeStamp
FlagFileMetaData End
BEGIN_ERR 
26 Small mesh segment detected on body : RadiatingSurface
 Small mesh segment detected on body : RadiatingSurface 
 Segment Statistics - Number of Segments : 1 --- Segment length(s) : 0.038750cm. The cutoff frequency for S-Matrix Only Solve is 808.191788527006kHz 
2 -1  33  # nfids, fids[]
2 35  -1  # nbids, bids[]
      8 2 1 0 #ntets ntri ned npts
           1.9863410000000004e-01  -8.2276940000000007e-02   1.5500000000000003e-01 #xyz tv0
           0.0000000000000000e+00  -1.0750000000000003e-01   1.5500000000000003e-01 #xyz tv1
           0.0000000000000000e+00  -1.0750000000000003e-01   1.1625000000000001e-01 #xyz tv2
           0.0000000000000000e+00   0.0000000000000000e+00   1.5500000000000003e-01 -1 35 #xyz tv3 fid bid
           1.9863410000000004e-01  -8.2276940000000007e-02   1.5500000000000003e-01 #xyz tv0
           0.0000000000000000e+00  -1.0750000000000003e-01   1.1625000000000001e-01 #xyz tv1
           0.0000000000000000e+00  -1.0750000000000003e-01   1.5500000000000003e-01 #xyz tv2
           1.5202795999999999e-01  -1.5202795999999999e-01   1.5500000000000003e-01 -1 35 #xyz tv3 fid bid
          -1.9863410000000004e-01  -8.2276940000000007e-02   1.5500000000000003e-01 #xyz tv0
           0.0000000000000000e+00  -1.0750000000000003e-01   1.1625000000000001e-01 #xyz tv1
           0.0000000000000000e+00  -1.0750000000000003e-01   1.5500000000000003e-01 #xyz tv2
           0.0000000000000000e+00   0.0000000000000000e+00   1.5500000000000003e-01 -1 35 #xyz tv3 fid bid
           1.5202795999999999e-01  -1.5202795999999999e-01   1.5500000000000003e-01 #xyz tv0
           0.0000000000000000e+00  -1.0750000000000003e-01   1.1625000000000001e-01 #xyz tv1
           0.0000000000000000e+00  -1.0750000000000003e-01   1.5500000000000003e-01 #xyz tv2
           8.2276940000000007e-02  -1.9863410000000004e-01   1.5500000000000003e-01 -1 35 #xyz tv3 fid bid
          -1.9863410000000004e-01  -8.2276940000000007e-02   1.5500000000000003e-01 #xyz tv0
           0.0000000000000000e+00  -1.0750000000000003e-01   1.5500000000000003e-01 #xyz tv1
           0.0000000000000000e+00  -1.0750000000000003e-01   1.1625000000000001e-01 #xyz tv2
          -1.5202795999999999e-01  -1.5202795999999999e-01   1.5500000000000003e-01 -1 35 #xyz tv3 fid bid
           0.0000000000000000e+00  -1.0750000000000003e-01   1.5500000000000003e-01 #xyz tv0
           8.2276940000000007e-02  -1.9863410000000004e-01   1.5500000000000003e-01 #xyz tv1
           0.0000000000000000e+00  -1.0750000000000003e-01   1.1625000000000001e-01 #xyz tv2
           0.0000000000000000e+00  -2.1500000000000005e-01   1.5500000000000003e-01 -1 35 #xyz tv3 fid bid
          -1.5202795999999999e-01  -1.5202795999999999e-01   1.5500000000000003e-01 #xyz tv0
           0.0000000000000000e+00  -1.0750000000000003e-01   1.5500000000000003e-01 #xyz tv1
           0.0000000000000000e+00  -1.0750000000000003e-01   1.1625000000000001e-01 #xyz tv2
          -8.2276940000000007e-02  -1.9863410000000004e-01   1.5500000000000003e-01 -1 35 #xyz tv3 fid bid
           0.0000000000000000e+00  -1.0750000000000003e-01   1.5500000000000003e-01 #xyz tv0
           0.0000000000000000e+00  -1.0750000000000003e-01   1.1625000000000001e-01 #xyz tv1
          -8.2276940000000007e-02  -1.9863410000000004e-01   1.5500000000000003e-01 #xyz tv2
           0.0000000000000000e+00  -2.1500000000000005e-01   1.5500000000000003e-01 -1 35 #xyz tv3 fid bid
           0.0000000000000000e+00  -2.1500000000000005e-01   1.5500000000000003e-01 #xyz tv0
           0.0000000000000000e+00  -1.0750000000000003e-01   1.5500000000000003e-01 #xyz tv1
           0.0000000000000000e+00  -1.0750000000000003e-01   1.1625000000000001e-01 33 -1 #xyz tv2 fid bid
           0.0000000000000000e+00  -1.0750000000000003e-01   1.1625000000000001e-01 #xyz tv0
           0.0000000000000000e+00  -1.0750000000000003e-01   1.5500000000000003e-01 #xyz tv1
           0.0000000000000000e+00   0.0000000000000000e+00   1.5500000000000003e-01 33 -1 #xyz tv2 fid bid
           0.0000000000000000e+00  -1.0750000000000003e-01   1.5500000000000003e-01 #xyz ev0
           0.0000000000000000e+00  -1.0750000000000003e-01   1.1625000000000001e-01 -1 35 #xyz ev1 fid bid
   0   0.000000000000e+00   0.000000000000e+00   0.000000000000e+00 #flag location
END_ERR 
G3dErrFileVersion 2018P3.1
FlagFileMetaData Begin
   Mesh Size - ATK_Solution, Refinement, Pass #5, Freq. 9.000000e+08 :Title    
   Listing of mesh elements with poor quality. :ToolTip  
   hf3d :Author   
   1776507860 :TimeStamp
FlagFileMetaData End
BEGIN_ERR 
26 Small mesh segment detected on body : RadiatingSurface
 Small mesh segment detected on body : RadiatingSurface 
 Segment Statistics - Number of Segments : 1 --- Segment length(s) : 0.042561cm. The cutoff frequency for S-Matrix Only Solve is 808.191788527006kHz 
2 -1  7  # nfids, fids[]
2 35  -1  # nbids, bids[]
      5 2 1 0 #ntets ntri ned npts
           0.0000000000000000e+00  -2.1500000000000005e-01   7.4359999999999999e+00 #xyz tv0
          -2.4353593970712040e-01  -5.5751373754397004e-01   7.3709170769489187e+00 #xyz tv1
           0.0000000000000000e+00  -2.1500000000000005e-01   7.3934386704987904e+00 #xyz tv2
          -8.2276940000000007e-02  -1.9863410000000004e-01   7.4359999999999999e+00 -1 35 #xyz tv3 fid bid
           0.0000000000000000e+00  -2.1500000000000005e-01   7.3934386704987904e+00 #xyz tv0
           0.0000000000000000e+00  -2.1500000000000005e-01   7.4359999999999999e+00 #xyz tv1
          -8.2276940000000007e-02  -1.9863410000000004e-01   7.4359999999999999e+00 #xyz tv2
           1.9863410000000004e-01  -8.2276940000000007e-02   7.3100000000000014e+00 -1 35 #xyz tv3 fid bid
           0.0000000000000000e+00  -2.1500000000000005e-01   7.3934386704987904e+00 #xyz tv0
           2.3315641830413411e-01  -3.6545073419003626e-01   7.4584205993289840e+00 #xyz tv1
          -2.4353593970712040e-01  -5.5751373754397004e-01   7.3709170769489187e+00 #xyz tv2
           0.0000000000000000e+00  -2.1500000000000005e-01   7.4359999999999999e+00 -1 35 #xyz tv3 fid bid
           8.2276940000000007e-02  -1.9863410000000004e-01   7.3508773409975818e+00 #xyz tv0
           2.3315641830413411e-01  -3.6545073419003626e-01   7.4584205993289840e+00 #xyz tv1
           0.0000000000000000e+00  -2.1500000000000005e-01   7.3934386704987904e+00 #xyz tv2
           0.0000000000000000e+00  -2.1500000000000005e-01   7.4359999999999999e+00 -1 35 #xyz tv3 fid bid
           0.0000000000000000e+00  -2.1500000000000005e-01   7.3934386704987904e+00 #xyz tv0
           8.2276940000000007e-02  -1.9863410000000004e-01   7.3508773409975818e+00 #xyz tv1
           0.0000000000000000e+00  -2.1500000000000005e-01   7.4359999999999999e+00 #xyz tv2
           1.9863410000000004e-01  -8.2276940000000007e-02   7.3100000000000014e+00 -1 35 #xyz tv3 fid bid
           0.0000000000000000e+00  -2.1500000000000005e-01   7.3934386704987904e+00 #xyz tv0
           8.2276940000000007e-02  -1.9863410000000004e-01   7.3508773409975818e+00 #xyz tv1
           0.0000000000000000e+00  -2.1500000000000005e-01   7.4359999999999999e+00 7 -1 #xyz tv2 fid bid
           0.0000000000000000e+00  -2.1500000000000005e-01   7.3934386704987904e+00 #xyz tv0
           0.0000000000000000e+00  -2.1500000000000005e-01   7.4359999999999999e+00 #xyz tv1
          -8.2276940000000007e-02  -1.9863410000000004e-01   7.4359999999999999e+00 7 -1 #xyz tv2 fid bid
           0.0000000000000000e+00  -2.1500000000000005e-01   7.4359999999999999e+00 #xyz ev0
           0.0000000000000000e+00  -2.1500000000000005e-01   7.3934386704987904e+00 -1 35 #xyz ev1 fid bid
   0   0.000000000000e+00   0.000000000000e+00   0.000000000000e+00 #flag location
END_ERR 
G3dErrFileVersion 2018P3.1
FlagFileMetaData Begin
   Mesh Size - ATK_Solution, Refinement, Pass #6, Freq. 9.000000e+08 :Title    
   Listing of mesh elements with poor quality. :ToolTip  
   hf3d :Author   
   1776507862 :TimeStamp
FlagFileMetaData End
BEGIN_ERR 
26 Small mesh segment detected on body : RadiatingSurface
 Small mesh segment detected on body : RadiatingSurface 
 Segment Statistics - Number of Segments : 1 --- Segment length(s) : 0.042561cm. The cutoff frequency for S-Matrix Only Solve is 808.191788527006kHz 
2 -1  7  # nfids, fids[]
2 35  -1  # nbids, bids[]
      6 2 1 0 #ntets ntri ned npts
           0.0000000000000000e+00  -2.1500000000000005e-01   7.4359999999999999e+00 #xyz tv0
           5.9297783735668907e-02  -4.6682803975320369e-01   7.2282585685877194e+00 #xyz tv1
           0.0000000000000000e+00  -2.1500000000000005e-01   7.3934386704987904e+00 #xyz tv2
          -2.5398488242344491e-01  -5.2362146048634173e-01   7.3423079851889064e+00 -1 35 #xyz tv3 fid bid
           0.0000000000000000e+00  -2.1500000000000005e-01   7.4359999999999999e+00 #xyz tv0
           5.9297783735668907e-02  -4.6682803975320369e-01   7.2282585685877194e+00 #xyz tv1
           2.1006557196875519e-01  -3.3274962170355310e-01   7.4695242255200256e+00 #xyz tv2
           0.0000000000000000e+00  -2.1500000000000005e-01   7.3934386704987904e+00 -1 35 #xyz tv3 fid bid
           0.0000000000000000e+00  -2.1500000000000005e-01   7.4359999999999999e+00 #xyz tv0
          -2.5398488242344491e-01  -5.2362146048634173e-01   7.3423079851889064e+00 #xyz tv1
           0.0000000000000000e+00  -2.1500000000000005e-01   7.3934386704987904e+00 #xyz tv2
          -8.2276940000000007e-02  -1.9863410000000004e-01   7.4359999999999999e+00 -1 35 #xyz tv3 fid bid
           8.2276940000000007e-02  -1.9863410000000004e-01   7.3508773409975818e+00 #xyz tv0
           2.1006557196875519e-01  -3.3274962170355310e-01   7.4695242255200256e+00 #xyz tv1
           0.0000000000000000e+00  -2.1500000000000005e-01   7.3934386704987904e+00 #xyz tv2
           0.0000000000000000e+00  -2.1500000000000005e-01   7.4359999999999999e+00 -1 35 #xyz tv3 fid bid
           0.0000000000000000e+00  -2.1500000000000005e-01   7.3934386704987904e+00 #xyz tv0
           0.0000000000000000e+00  -2.1500000000000005e-01   7.4359999999999999e+00 #xyz tv1
          -8.2276940000000007e-02  -1.9863410000000004e-01   7.4359999999999999e+00 #xyz tv2
           1.9863410000000004e-01  -8.2276940000000007e-02   7.3100000000000014e+00 -1 35 #xyz tv3 fid bid
           0.0000000000000000e+00  -2.1500000000000005e-01   7.3934386704987904e+00 #xyz tv0
           8.2276940000000007e-02  -1.9863410000000004e-01   7.3508773409975818e+00 #xyz tv1
           0.0000000000000000e+00  -2.1500000000000005e-01   7.4359999999999999e+00 #xyz tv2
           1.9863410000000004e-01  -8.2276940000000007e-02   7.3100000000000014e+00 -1 35 #xyz tv3 fid bid
           0.0000000000000000e+00  -2.1500000000000005e-01   7.3934386704987904e+00 #xyz tv0
           8.2276940000000007e-02  -1.9863410000000004e-01   7.3508773409975818e+00 #xyz tv1
           0.0000000000000000e+00  -2.1500000000000005e-01   7.4359999999999999e+00 7 -1 #xyz tv2 fid bid
           0.0000000000000000e+00  -2.1500000000000005e-01   7.3934386704987904e+00 #xyz tv0
           0.0000000000000000e+00  -2.1500000000000005e-01   7.4359999999999999e+00 #xyz tv1
          -8.2276940000000007e-02  -1.9863410000000004e-01   7.4359999999999999e+00 7 -1 #xyz tv2 fid bid
           0.0000000000000000e+00  -2.1500000000000005e-01   7.4359999999999999e+00 #xyz ev0
           0.0000000000000000e+00  -2.1500000000000005e-01   7.3934386704987904e+00 -1 35 #xyz ev1 fid bid
   0   0.000000000000e+00   0.000000000000e+00   0.000000000000e+00 #flag location
END_ERR 
